TITLE = "Quasi-1D Nozzle Solution"
variables="x(m)""Area(m^2)""rho(kg/m^3)""u(m/s)""Press(kPa)""Mach""U1""U2""U3"
-1.495000e+00 1.000000e+00 1.733480e+00 4.905087e+01 2.979094e+02 1.000000e-01 1.733480e+00 8.502870e+01 7.468589e+05
-1.485000e+00 1.000000e+00 1.733480e+00 4.905087e+01 2.979094e+02 1.000000e-01 1.733480e+00 8.502870e+01 7.468589e+05
-1.475000e+00 1.000000e+00 1.733480e+00 4.905087e+01 2.979094e+02 1.000000e-01 1.733480e+00 8.502870e+01 7.468589e+05
-1.465000e+00 1.000000e+00 1.733480e+00 4.905087e+01 2.979094e+02 1.000000e-01 1.733480e+00 8.502870e+01 7.468589e+05
-1.455000e+00 1.000000e+00 1.733480e+00 4.905087e+01 2.979094e+02 1.000000e-01 1.733480e+00 8.502870e+01 7.468589e+05
-1.445000e+00 1.000000e+00 1.733480e+00 4.905087e+01 2.979094e+02 1.000000e-01 1.733480e+00 8.502870e+01 7.468589e+05
-1.435000e+00 1.000000e+00 1.733480e+00 4.905087e+01 2.979094e+02 1.000000e-01 1.733480e+00 8.502870e+01 7.468589e+05
-1.425000e+00 1.000000e+00 1.733480e+00 4.905087e+01 2.979094e+02 1.000000e-01 1.733480e+00 8.502870e+01 7.468589e+05
-1.415000e+00 1.000000e+00 1.733480e+00 4.905087e+01 2.979094e+02 1.000000e-01 1.733480e+00 8.502870e+01 7.468589e+05
-1.405000e+00 1.000000e+00 1.733480e+00 4.905087e+01 2.979094e+02 1.000000e-01 1.733480e+00 8.502870e+01 7.468589e+05
-1.395000e+00 1.000000e+00 1.733480e+00 4.905087e+01 2.979094e+02 1.000000e-01 1.733480e+00 8.502870e+01 7.468589e+05
-1.385000e+00 1.000000e+00 1.733480e+00 4.905087e+01 2.979094e+02 1.000000e-01 1.733480e+00 8.502870e+01 7.468589e+05
-1.375000e+00 1.000000e+00 1.733480e+00 4.905087e+01 2.979094e+02 1.000000e-01 1.733480e+00 8.502870e+01 7.468589e+05
-1.365000e+00 1.000000e+00 1.733480e+00 4.905087e+01 2.979094e+02 1.000000e-01 1.733480e+00 8.502870e+01 7.468589e+05
-1.355000e+00 1.000000e+00 1.733480e+00 4.905087e+01 2.979094e+02 1.000000e-01 1.733480e+00 8.502870e+01 7.468589e+05
-1.345000e+00 1.000000e+00 1.733480e+00 4.905087e+01 2.979094e+02 1.000000e-01 1.733480e+00 8.502870e+01 7.468589e+05
-1.335000e+00 1.000000e+00 1.733480e+00 4.905087e+01 2.979094e+02 1.000000e-01 1.733480e+00 8.502870e+01 7.468589e+05
-1.325000e+00 1.000000e+00 1.733480e+00 4.905087e+01 2.979094e+02 1.000000e-01 1.733480e+00 8.502870e+01 7.468589e+05
-1.315000e+00 1.000000e+00 1.733480e+00 4.905087e+01 2.979094e+02 1.000000e-01 1.733480e+00 8.502870e+01 7.468589e+05
-1.305000e+00 1.000000e+00 1.733480e+00 4.905087e+01 2.979094e+02 1.000000e-01 1.733480e+00 8.502870e+01 7.468589e+05
-1.295000e+00 1.000000e+00 1.733480e+00 4.905087e+01 2.979094e+02 1.000000e-01 1.733480e+00 8.502870e+01 7.468589e+05
-1.285000e+00 1.000000e+00 1.733480e+00 4.905087e+01 2.979094e+02 1.000000e-01 1.733480e+00 8.502870e+01 7.468589e+05
-1.275000e+00 1.000000e+00 1.733480e+00 4.905087e+01 2.979094e+02 1.000000e-01 1.733480e+00 8.502870e+01 7.468589e+05
-1.265000e+00 1.000000e+00 1.733480e+00 4.905087e+01 2.979094e+02 1.000000e-01 1.733480e+00 8.502870e+01 7.468589e+05
-1.255000e+00 1.000000e+00 1.733480e+00 4.905087e+01 2.979094e+02 1.000000e-01 1.733480e+00 8.502870e+01 7.468589e+05
-1.245000e+00 1.000000e+00 1.733480e+00 4.905087e+01 2.979094e+02 1.000000e-01 1.733480e+00 8.502870e+01 7.468589e+05
-1.235000e+00 1.000000e+00 1.733480e+00 4.905087e+01 2.979094e+02 1.000000e-01 1.733480e+00 8.502870e+01 7.468589e+05
-1.225000e+00 1.000000e+00 1.733480e+00 4.905087e+01 2.979094e+02 1.000000e-01 1.733480e+00 8.502870e+01 7.468589e+05
-1.215000e+00 1.000000e+00 1.733480e+00 4.905087e+01 2.979094e+02 1.000000e-01 1.733480e+00 8.502870e+01 7.468589e+05
-1.205000e+00 1.000000e+00 1.733480e+00 4.905087e+01 2.979094e+02 1.000000e-01 1.733480e+00 8.502870e+01 7.468589e+05
-1.195000e+00 1.000000e+00 1.733480e+00 4.905087e+01 2.979094e+02 1.000000e-01 1.733480e+00 8.502870e+01 7.468589e+05
-1.185000e+00 1.000000e+00 1.733480e+00 4.905087e+01 2.979094e+02 1.000000e-01 1.733480e+00 8.502870e+01 7.468589e+05
-1.175000e+00 1.000000e+00 1.733480e+00 4.905087e+01 2.979094e+02 1.000000e-01 1.733480e+00 8.502870e+01 7.468589e+05
-1.165000e+00 1.000000e+00 1.733480e+00 4.905087e+01 2.979094e+02 1.000000e-01 1.733480e+00 8.502870e+01 7.468589e+05
-1.155000e+00 1.000000e+00 1.733480e+00 4.905087e+01 2.979094e+02 1.000000e-01 1.733480e+00 8.502870e+01 7.468589e+05
-1.145000e+00 1.000000e+00 1.733480e+00 4.905087e+01 2.979094e+02 1.000000e-01 1.733480e+00 8.502870e+01 7.468589e+05
-1.135000e+00 1.000000e+00 1.733480e+00 4.905087e+01 2.979094e+02 1.000000e-01 1.733480e+00 8.502870e+01 7.468589e+05
-1.125000e+00 1.000000e+00 1.733480e+00 4.905087e+01 2.979094e+02 1.000000e-01 1.733480e+00 8.502870e+01 7.468589e+05
-1.115000e+00 1.000000e+00 1.733480e+00 4.905087e+01 2.979094e+02 1.000000e-01 1.733480e+00 8.502870e+01 7.468589e+05
-1.105000e+00 1.000000e+00 1.733480e+00 4.905087e+01 2.979094e+02 1.000000e-01 1.733480e+00 8.502870e+01 7.468589e+05
-1.095000e+00 1.000000e+00 1.733480e+00 4.905087e+01 2.979094e+02 1.000000e-01 1.733480e+00 8.502870e+01 7.468589e+05
-1.085000e+00 1.000000e+00 1.733480e+00 4.905087e+01 2.979094e+02 1.000000e-01 1.733480e+00 8.502870e+01 7.468589e+05
-1.075000e+00 1.000000e+00 1.733480e+00 4.905087e+01 2.979094e+02 1.000000e-01 1.733480e+00 8.502870e+01 7.468589e+05
-1.065000e+00 1.000000e+00 1.733480e+00 4.905087e+01 2.979094e+02 1.000000e-01 1.733480e+00 8.502870e+01 7.468589e+05
-1.055000e+00 1.000000e+00 1.733480e+00 4.905087e+01 2.979094e+02 1.000000e-01 1.733480e+00 8.502870e+01 7.468589e+05
-1.045000e+00 1.000000e+00 1.733480e+00 4.905087e+01 2.979094e+02 1.000000e-01 1.733480e+00 8.502870e+01 7.468589e+05
-1.035000e+00 1.000000e+00 1.733480e+00 4.905087e+01 2.979094e+02 1.000000e-01 1.733480e+00 8.502870e+01 7.468589e+05
-1.025000e+00 1.000000e+00 1.733480e+00 4.905087e+01 2.979094e+02 1.000000e-01 1.733480e+00 8.502870e+01 7.468589e+05
-1.015000e+00 1.000000e+00 1.733480e+00 4.905087e+01 2.979094e+02 1.000000e-01 1.733480e+00 8.502870e+01 7.468589e+05
-1.005000e+00 1.000000e+00 1.733480e+00 4.905087e+01 2.979094e+02 1.000000e-01 1.733480e+00 8.502870e+01 7.468589e+05
-9.950000e-01 9.999507e-01 1.732639e+00 5.137580e+01 2.977071e+02 1.047500e-01 1.732639e+00 8.901571e+01 7.465544e+05
-9.850000e-01 9.995559e-01 1.730842e+00 5.602355e+01 2.972749e+02 1.142500e-01 1.730842e+00 9.696791e+01 7.459034e+05
-9.750000e-01 9.987669e-01 1.728892e+00 6.066829e+01 2.968061e+02 1.237500e-01 1.728892e+00 1.048889e+02 7.451969e+05
-9.650000e-01 9.975844e-01 1.726789e+00 6.530976e+01 2.963009e+02 1.332500e-01 1.726789e+00 1.127762e+02 7.444350e+05
-9.550000e-01 9.960095e-01 1.724536e+00 6.994771e+01 2.957597e+02 1.427500e-01 1.724536e+00 1.206273e+02 7.436180e+05
-9.450000e-01 9.940437e-01 1.722131e+00 7.458191e+01 2.951825e+02 1.522500e-01 1.722131e+00 1.284398e+02 7.427460e+05
-9.350000e-01 9.916891e-01 1.719577e+00 7.921211e+01 2.945698e+02 1.617500e-01 1.719577e+00 1.362113e+02 7.418194e+05
-9.250000e-01 9.889480e-01 1.716874e+00 8.383807e+01 2.939218e+02 1.712500e-01 1.716874e+00 1.439394e+02 7.408384e+05
-9.150000e-01 9.858230e-01 1.714024e+00 8.845953e+01 2.932389e+02 1.807500e-01 1.714024e+00 1.516218e+02 7.398033e+05
-9.050000e-01 9.823172e-01 1.711027e+00 9.307627e+01 2.925212e+02 1.902500e-01 1.711027e+00 1.592560e+02 7.387145e+05
-8.950000e-01 9.784341e-01 1.707884e+00 9.768805e+01 2.917693e+02 1.997500e-01 1.707884e+00 1.668398e+02 7.375723e+05
-8.850000e-01 9.741776e-01 1.704596e+00 1.022946e+02 2.909833e+02 2.092500e-01 1.704596e+00 1.743710e+02 7.363770e+05
-8.750000e-01 9.695518e-01 1.701166e+00 1.068957e+02 2.901638e+02 2.187500e-01 1.701166e+00 1.818474e+02 7.351289e+05
-8.650000e-01 9.645613e-01 1.697593e+00 1.114912e+02 2.893111e+02 2.282500e-01 1.697593e+00 1.892667e+02 7.338285e+05
-8.550000e-01 9.592110e-01 1.693880e+00 1.160807e+02 2.884255e+02 2.377500e-01 1.693880e+00 1.966268e+02 7.324761e+05
-8.450000e-01 9.535063e-01 1.690028e+00 1.206641e+02 2.875076e+02 2.472500e-01 1.690028e+00 2.039257e+02 7.310722e+05
-8.350000e-01 9.474526e-01 1.686037e+00 1.252411e+02 2.865576e+02 2.567500e-01 1.686037e+00 2.111612e+02 7.296171e+05
-8.250000e-01 9.410561e-01 1.681910e+00 1.298115e+02 2.855761e+02 2.662500e-01 1.681910e+00 2.183313e+02 7.281113e+05
-8.150000e-01 9.343229e-01 1.677648e+00 1.343751e+02 2.845635e+02 2.757500e-01 1.677648e+00 2.254341e+02 7.265552e+05
-8.050000e-01 9.272599e-01 1.673253e+00 1.389316e+02 2.835203e+02 2.852500e-01 1.673253e+00 2.324677e+02 7.249493e+05
-7.950000e-01 9.198739e-01 1.668726e+00 1.434808e+02 2.824469e+02 2.947500e-01 1.668726e+00 2.394301e+02 7.232940e+05
-7.850000e-01 9.121722e-01 1.664068e+00 1.480225e+02 2.813438e+02 3.042500e-01 1.664068e+00 2.463195e+02 7.215899e+05
-7.750000e-01 9.041624e-01 1.659281e+00 1.525565e+02 2.802115e+02 3.137500e-01 1.659281e+00 2.531342e+02 7.198374e+05
-7.650000e-01 8.958524e-01 1.654368e+00 1.570825e+02 2.790505e+02 3.232500e-01 1.654368e+00 2.598723e+02 7.180370e+05
-7.550000e-01 8.872505e-01 1.649329e+00 1.616004e+02 2.778614e+02 3.327500e-01 1.649329e+00 2.665323e+02 7.161893e+05
-7.450000e-01 8.783651e-01 1.644167e+00 1.661099e+02 2.766446e+02 3.422500e-01 1.644167e+00 2.731125e+02 7.142948e+05
-7.350000e-01 8.692050e-01 1.638883e+00 1.706109e+02 2.754007e+02 3.517500e-01 1.638883e+00 2.796112e+02 7.123541e+05
-7.250000e-01 8.597792e-01 1.633479e+00 1.751030e+02 2.741302e+02 3.612500e-01 1.633479e+00 2.860270e+02 7.103676e+05
-7.150000e-01 8.500971e-01 1.627957e+00 1.795861e+02 2.728337e+02 3.707500e-01 1.627957e+00 2.923584e+02 7.083360e+05
-7.050000e-01 8.401681e-01 1.622319e+00 1.840600e+02 2.715117e+02 3.802500e-01 1.622319e+00 2.986040e+02 7.062598e+05
-6.950000e-01 8.300021e-01 1.616566e+00 1.885245e+02 2.701648e+02 3.897500e-01 1.616566e+00 3.047623e+02 7.041396e+05
-6.850000e-01 8.196091e-01 1.610701e+00 1.929794e+02 2.687936e+02 3.992500e-01 1.610701e+00 3.108321e+02 7.019761e+05
-6.750000e-01 8.089994e-01 1.604726e+00 1.974244e+02 2.673986e+02 4.087500e-01 1.604726e+00 3.168121e+02 6.997697e+05
-6.650000e-01 7.981835e-01 1.598642e+00 2.018595e+02 2.659804e+02 4.182500e-01 1.598642e+00 3.227011e+02 6.975212e+05
-6.550000e-01 7.871719e-01 1.592452e+00 2.062843e+02 2.645397e+02 4.277500e-01 1.592452e+00 3.284979e+02 6.952312e+05
-6.450000e-01 7.759757e-01 1.586158e+00 2.106988e+02 2.630769e+02 4.372500e-01 1.586158e+00 3.342015e+02 6.929002e+05
-6.350000e-01 7.646057e-01 1.579761e+00 2.151027e+02 2.615928e+02 4.467500e-01 1.579761e+00 3.398107e+02 6.905290e+05
-6.250000e-01 7.530734e-01 1.573264e+00 2.194958e+02 2.600878e+02 4.562500e-01 1.573264e+00 3.453247e+02 6.881181e+05
-6.150000e-01 7.413899e-01 1.566668e+00 2.238779e+02 2.585626e+02 4.657500e-01 1.566668e+00 3.507424e+02 6.856683e+05
-6.050000e-01 7.295670e-01 1.559977e+00 2.282489e+02 2.570179e+02 4.752500e-01 1.559977e+00 3.560630e+02 6.831802e+05
-5.950000e-01 7.176161e-01 1.553192e+00 2.326086e+02 2.554541e+02 4.847500e-01 1.553192e+00 3.612857e+02 6.806544e+05
-5.850000e-01 7.055492e-01 1.546314e+00 2.369568e+02 2.538720e+02 4.942500e-01 1.546314e+00 3.664097e+02 6.780917e+05
-5.750000e-01 6.933781e-01 1.539348e+00 2.412934e+02 2.522721e+02 5.037500e-01 1.539348e+00 3.714344e+02 6.754927e+05
-5.650000e-01 6.811149e-01 1.532293e+00 2.456181e+02 2.506551e+02 5.132500e-01 1.532293e+00 3.763589e+02 6.728581e+05
-5.550000e-01 6.687716e-01 1.525154e+00 2.499308e+02 2.490216e+02 5.227500e-01 1.525154e+00 3.811828e+02 6.701886e+05
-5.450000e-01 6.563605e-01 1.517931e+00 2.542313e+02 2.473721e+02 5.322500e-01 1.517931e+00 3.859055e+02 6.674848e+05
-5.350000e-01 6.438937e-01 1.510627e+00 2.585195e+02 2.457073e+02 5.417500e-01 1.510627e+00 3.905266e+02 6.647476e+05
-5.250000e-01 6.313836e-01 1.503244e+00 2.627952e+02 2.440278e+02 5.512500e-01 1.503244e+00 3.950455e+02 6.619776e+05
-5.150000e-01 6.188426e-01 1.495785e+00 2.670583e+02 2.423343e+02 5.607500e-01 1.495785e+00 3.994619e+02 6.591755e+05
-5.050000e-01 6.062829e-01 1.488252e+00 2.713086e+02 2.406272e+02 5.702500e-01 1.488252e+00 4.037754e+02 6.563420e+05
-4.950000e-01 5.937171e-01 1.480646e+00 2.755459e+02 2.389074e+02 5.797500e-01 1.480646e+00 4.079859e+02 6.534778e+05
-4.850000e-01 5.811574e-01 1.472970e+00 2.797701e+02 2.371752e+02 5.892500e-01 1.472970e+00 4.120930e+02 6.505838e+05
-4.750000e-01 5.686164e-01 1.465226e+00 2.839811e+02 2.354315e+02 5.987500e-01 1.465226e+00 4.160966e+02 6.476604e+05
-4.650000e-01 5.561063e-01 1.457417e+00 2.881787e+02 2.336766e+02 6.082500e-01 1.457417e+00 4.199965e+02 6.447086e+05
-4.550000e-01 5.436395e-01 1.449544e+00 2.923627e+02 2.319114e+02 6.177500e-01 1.449544e+00 4.237928e+02 6.417291e+05
-4.450000e-01 5.312284e-01 1.441611e+00 2.965331e+02 2.301363e+02 6.272500e-01 1.441611e+00 4.274853e+02 6.387225e+05
-4.350000e-01 5.188851e-01 1.433618e+00 3.006897e+02 2.283519e+02 6.367500e-01 1.433618e+00 4.310741e+02 6.356895e+05
-4.250000e-01 5.066219e-01 1.425568e+00 3.048324e+02 2.265589e+02 6.462500e-01 1.425568e+00 4.345593e+02 6.326310e+05
-4.150000e-01 4.944508e-01 1.417464e+00 3.089610e+02 2.247577e+02 6.557500e-01 1.417464e+00 4.379410e+02 6.295476e+05
-4.050000e-01 4.823839e-01 1.409307e+00 3.130754e+02 2.229491e+02 6.652500e-01 1.409307e+00 4.412193e+02 6.264401e+05
-3.950000e-01 4.704330e-01 1.401100e+00 3.171755e+02 2.211335e+02 6.747500e-01 1.401100e+00 4.443945e+02 6.233092e+05
-3.850000e-01 4.586101e-01 1.392844e+00 3.212612e+02 2.193115e+02 6.842500e-01 1.392844e+00 4.474668e+02 6.201557e+05
-3.750000e-01 4.469266e-01 1.384543e+00 3.253323e+02 2.174837e+02 6.937500e-01 1.384543e+00 4.504365e+02 6.169801e+05
-3.650000e-01 4.353943e-01 1.376197e+00 3.293888e+02 2.156507e+02 7.032500e-01 1.376197e+00 4.533040e+02 6.137834e+05
-3.550000e-01 4.240243e-01 1.367810e+00 3.334305e+02 2.138130e+02 7.127500e-01 1.367810e+00 4.560696e+02 6.105662e+05
-3.450000e-01 4.128281e-01 1.359383e+00 3.374574e+02 2.119711e+02 7.222500e-01 1.359383e+00 4.587339e+02 6.073292e+05
-3.350000e-01 4.018165e-01 1.350919e+00 3.414692e+02 2.101255e+02 7.317500e-01 1.350919e+00 4.612971e+02 6.040732e+05
-3.250000e-01 3.910006e-01 1.342419e+00 3.454660e+02 2.082769e+02 7.412500e-01 1.342419e+00 4.637599e+02 6.007988e+05
-3.150000e-01 3.803909e-01 1.333885e+00 3.494475e+02 2.064256e+02 7.507500e-01 1.333885e+00 4.661228e+02 5.975068e+05
-3.050000e-01 3.699979e-01 1.325320e+00 3.534138e+02 2.045723e+02 7.602500e-01 1.325320e+00 4.683864e+02 5.941980e+05
-2.950000e-01 3.598319e-01 1.316725e+00 3.573647e+02 2.027175e+02 7.697500e-01 1.316725e+00 4.705512e+02 5.908729e+05
-2.850000e-01 3.499029e-01 1.308103e+00 3.613002e+02 2.008616e+02 7.792500e-01 1.308103e+00 4.726180e+02 5.875324e+05
-2.750000e-01 3.402208e-01 1.299456e+00 3.652201e+02 1.990051e+02 7.887500e-01 1.299456e+00 4.745874e+02 5.841771e+05
-2.650000e-01 3.307950e-01 1.290785e+00 3.691243e+02 1.971485e+02 7.982500e-01 1.290785e+00 4.764602e+02 5.808077e+05
-2.550000e-01 3.216349e-01 1.282093e+00 3.730129e+02 1.952923e+02 8.077500e-01 1.282093e+00 4.782370e+02 5.774249e+05
-2.450000e-01 3.127495e-01 1.273380e+00 3.768856e+02 1.934369e+02 8.172500e-01 1.273380e+00 4.799187e+02 5.740294e+05
-2.350000e-01 3.041476e-01 1.264650e+00 3.807424e+02 1.915828e+02 8.267500e-01 1.264650e+00 4.815061e+02 5.706220e+05
-2.250000e-01 2.958376e-01 1.255905e+00 3.845833e+02 1.897305e+02 8.362500e-01 1.255905e+00 4.829999e+02 5.672032e+05
-2.150000e-01 2.878278e-01 1.247145e+00 3.884082e+02 1.878804e+02 8.457500e-01 1.247145e+00 4.844012e+02 5.637737e+05
-2.050000e-01 2.801261e-01 1.238373e+00 3.922169e+02 1.860329e+02 8.552500e-01 1.238373e+00 4.857107e+02 5.603343e+05
-1.950000e-01 2.727401e-01 1.229590e+00 3.960095e+02 1.841885e+02 8.647500e-01 1.229590e+00 4.869294e+02 5.568855e+05
-1.850000e-01 2.656771e-01 1.220799e+00 3.997859e+02 1.823475e+02 8.742500e-01 1.220799e+00 4.880583e+02 5.534282e+05
-1.750000e-01 2.589439e-01 1.212001e+00 4.035460e+02 1.805104e+02 8.837500e-01 1.212001e+00 4.890982e+02 5.499628e+05
-1.650000e-01 2.525474e-01 1.203198e+00 4.072897e+02 1.786775e+02 8.932500e-01 1.203198e+00 4.900502e+02 5.464900e+05
-1.550000e-01 2.464937e-01 1.194392e+00 4.110170e+02 1.768493e+02 9.027500e-01 1.194392e+00 4.909153e+02 5.430105e+05
-1.450000e-01 2.407890e-01 1.185583e+00 4.147279e+02 1.750261e+02 9.122500e-01 1.185583e+00 4.916945e+02 5.395250e+05
-1.350000e-01 2.354387e-01 1.176775e+00 4.184223e+02 1.732083e+02 9.217500e-01 1.176775e+00 4.923889e+02 5.360340e+05
-1.250000e-01 2.304482e-01 1.167968e+00 4.221001e+02 1.713962e+02 9.312500e-01 1.167968e+00 4.929994e+02 5.325381e+05
-1.150000e-01 2.258224e-01 1.159164e+00 4.257613e+02 1.695903e+02 9.407500e-01 1.159164e+00 4.935273e+02 5.290381e+05
-1.050000e-01 2.215659e-01 1.150365e+00 4.294059e+02 1.677907e+02 9.502500e-01 1.150365e+00 4.939736e+02 5.255344e+05
-9.500000e-02 2.176828e-01 1.141572e+00 4.330338e+02 1.659980e+02 9.597500e-01 1.141572e+00 4.943394e+02 5.220277e+05
-8.500000e-02 2.141770e-01 1.132787e+00 4.366450e+02 1.642123e+02 9.692500e-01 1.132787e+00 4.946258e+02 5.185186e+05
-7.500000e-02 2.110520e-01 1.124011e+00 4.402394e+02 1.624340e+02 9.787500e-01 1.124011e+00 4.948341e+02 5.150077e+05
-6.500000e-02 2.083109e-01 1.115246e+00 4.438170e+02 1.606634e+02 9.882500e-01 1.115246e+00 4.949652e+02 5.114955e+05
-5.500000e-02 2.059563e-01 1.106493e+00 4.473778e+02 1.589008e+02 9.977500e-01 1.106493e+00 4.950204e+02 5.079826e+05
-4.500000e-02 2.039905e-01 1.097753e+00 4.509218e+02 1.571465e+02 1.007250e+00 1.097753e+00 4.950009e+02 5.044695e+05
-3.500000e-02 2.024156e-01 1.089029e+00 4.544489e+02 1.554007e+02 1.016750e+00 1.089029e+00 4.949079e+02 5.009569e+05
-2.500000e-02 2.012331e-01 1.080320e+00 4.579590e+02 1.536638e+02 1.026250e+00 1.080320e+00 4.947424e+02 4.974453e+05
-1.500000e-02 2.004441e-01 1.071629e+00 4.614523e+02 1.519359e+02 1.035750e+00 1.071629e+00 4.945058e+02 4.939351e+05
-5.000000e-03 2.000493e-01 1.062957e+00 4.649286e+02 1.502173e+02 1.045250e+00 1.062957e+00 4.941993e+02 4.904270e+05
5.000000e-03 2.000493e-01 1.054305e+00 4.683880e+02 1.485083e+02 1.054750e+00 1.054305e+00 4.938240e+02 4.869214e+05
1.500000e-02 2.004441e-01 1.045675e+00 4.718304e+02 1.468091e+02 1.064250e+00 1.045675e+00 4.933811e+02 4.834189e+05
2.500000e-02 2.012331e-01 1.037066e+00 4.752558e+02 1.451200e+02 1.073750e+00 1.037066e+00 4.928719e+02 4.799200e+05
3.500000e-02 2.024156e-01 1.028482e+00 4.786643e+02 1.434410e+02 1.083250e+00 1.028482e+00 4.922976e+02 4.764251e+05
4.500000e-02 2.039905e-01 1.019922e+00 4.820557e+02 1.417725e+02 1.092750e+00 1.019922e+00 4.916594e+02 4.729348e+05
5.500000e-02 2.059563e-01 1.011389e+00 4.854301e+02 1.401146e+02 1.102250e+00 1.011389e+00 4.909586e+02 4.694495e+05
6.500000e-02 2.083109e-01 1.002882e+00 4.887875e+02 1.384675e+02 1.111750e+00 1.002882e+00 4.901963e+02 4.659696e+05
7.500000e-02 2.110520e-01 9.944038e-01 4.921279e+02 1.368314e+02 1.121250e+00 9.944038e-01 4.893738e+02 4.624957e+05
8.500000e-02 2.141770e-01 9.859544e-01 4.954513e+02 1.352065e+02 1.130750e+00 9.859544e-01 4.884924e+02 4.590283e+05
9.500000e-02 2.176828e-01 9.775353e-01 4.987576e+02 1.335929e+02 1.140250e+00 9.775353e-01 4.875532e+02 4.555676e+05
1.050000e-01 2.215659e-01 9.691472e-01 5.020470e+02 1.319908e+02 1.149750e+00 9.691472e-01 4.865574e+02 4.521143e+05
1.150000e-01 2.258224e-01 9.607913e-01 5.053193e+02 1.304003e+02 1.159250e+00 9.607913e-01 4.855064e+02 4.486686e+05
1.250000e-01 2.304482e-01 9.524683e-01 5.085746e+02 1.288216e+02 1.168750e+00 9.524683e-01 4.844012e+02 4.452311e+05
1.350000e-01 2.354387e-01 9.441792e-01 5.118130e+02 1.272548e+02 1.178250e+00 9.441792e-01 4.832432e+02 4.418020e+05
1.450000e-01 2.407890e-01 9.359249e-01 5.150344e+02 1.257000e+02 1.187750e+00 9.359249e-01 4.820335e+02 4.383819e+05
1.550000e-01 2.464937e-01 9.277062e-01 5.182388e+02 1.241574e+02 1.197250e+00 9.277062e-01 4.807733e+02 4.349711e+05
1.650000e-01 2.525474e-01 9.195239e-01 5.214262e+02 1.226270e+02 1.206750e+00 9.195239e-01 4.794639e+02 4.315700e+05
1.750000e-01 2.589439e-01 9.113788e-01 5.245968e+02 1.211090e+02 1.216250e+00 9.113788e-01 4.781064e+02 4.281790e+05
1.850000e-01 2.656771e-01 9.032717e-01 5.277504e+02 1.196034e+02 1.225750e+00 9.032717e-01 4.767020e+02 4.247984e+05
1.950000e-01 2.727401e-01 8.952032e-01 5.308871e+02 1.181104e+02 1.235250e+00 8.952032e-01 4.752518e+02 4.214286e+05
2.050000e-01 2.801261e-01 8.871742e-01 5.340069e+02 1.166300e+02 1.244750e+00 8.871742e-01 4.737572e+02 4.180699e+05
2.150000e-01 2.878278e-01 8.791853e-01 5.371099e+02 1.151623e+02 1.254250e+00 8.791853e-01 4.722191e+02 4.147226e+05
2.250000e-01 2.958376e-01 8.712371e-01 5.401961e+02 1.137074e+02 1.263750e+00 8.712371e-01 4.706389e+02 4.113872e+05
2.350000e-01 3.041476e-01 8.633303e-01 5.432654e+02 1.122653e+02 1.273250e+00 8.633303e-01 4.690175e+02 4.080638e+05
2.450000e-01 3.127495e-01 8.554656e-01 5.463180e+02 1.108362e+02 1.282750e+00 8.554656e-01 4.673562e+02 4.047529e+05
2.550000e-01 3.216349e-01 8.476434e-01 5.493538e+02 1.094199e+02 1.292250e+00 8.476434e-01 4.656561e+02 4.014548e+05
2.650000e-01 3.307950e-01 8.398644e-01 5.523729e+02 1.080167e+02 1.301750e+00 8.398644e-01 4.639183e+02 3.981696e+05
2.750000e-01 3.402208e-01 8.321290e-01 5.553754e+02 1.066264e+02 1.311250e+00 8.321290e-01 4.621440e+02 3.948977e+05
2.850000e-01 3.499029e-01 8.244379e-01 5.583611e+02 1.052493e+02 1.320750e+00 8.244379e-01 4.603341e+02 3.916395e+05
2.950000e-01 3.598319e-01 8.167915e-01 5.613303e+02 1.038852e+02 1.330250e+00 8.167915e-01 4.584898e+02 3.883951e+05
3.050000e-01 3.699979e-01 8.091902e-01 5.642829e+02 1.025342e+02 1.339750e+00 8.091902e-01 4.566122e+02 3.851648e+05
3.150000e-01 3.803909e-01 8.016346e-01 5.672189e+02 1.011964e+02 1.349250e+00 8.016346e-01 4.547023e+02 3.819488e+05
3.250000e-01 3.910006e-01 7.941251e-01 5.701384e+02 9.987169e+01 1.358750e+00 7.941251e-01 4.527612e+02 3.787475e+05
3.350000e-01 4.018165e-01 7.866620e-01 5.730415e+02 9.856015e+01 1.368250e+00 7.866620e-01 4.507900e+02 3.755610e+05
3.450000e-01 4.128281e-01 7.792457e-01 5.759281e+02 9.726176e+01 1.377750e+00 7.792457e-01 4.487895e+02 3.723897e+05
3.550000e-01 4.240243e-01 7.718767e-01 5.787984e+02 9.597652e+01 1.387250e+00 7.718767e-01 4.467610e+02 3.692336e+05
3.650000e-01 4.353943e-01 7.645552e-01 5.816523e+02 9.470444e+01 1.396750e+00 7.645552e-01 4.447053e+02 3.660930e+05
3.750000e-01 4.469266e-01 7.572816e-01 5.844899e+02 9.344548e+01 1.406250e+00 7.572816e-01 4.426234e+02 3.629682e+05
3.850000e-01 4.586101e-01 7.500562e-01 5.873112e+02 9.219965e+01 1.415750e+00 7.500562e-01 4.405164e+02 3.598592e+05
3.950000e-01 4.704330e-01 7.428793e-01 5.901164e+02 9.096691e+01 1.425250e+00 7.428793e-01 4.383852e+02 3.567664e+05
4.050000e-01 4.823839e-01 7.357511e-01 5.929054e+02 8.974726e+01 1.434750e+00 7.357511e-01 4.362308e+02 3.536899e+05
4.150000e-01 4.944508e-01 7.286719e-01 5.956783e+02 8.854065e+01 1.444250e+00 7.286719e-01 4.340540e+02 3.506299e+05
4.250000e-01 5.066219e-01 7.216419e-01 5.984351e+02 8.734706e+01 1.453750e+00 7.216419e-01 4.318558e+02 3.475865e+05
4.350000e-01 5.188851e-01 7.146613e-01 6.011759e+02 8.616646e+01 1.463250e+00 7.146613e-01 4.296371e+02 3.445599e+05
4.450000e-01 5.312284e-01 7.077303e-01 6.039007e+02 8.499880e+01 1.472750e+00 7.077303e-01 4.273989e+02 3.415503e+05
4.550000e-01 5.436395e-01 7.008491e-01 6.066097e+02 8.384405e+01 1.482250e+00 7.008491e-01 4.251419e+02 3.385577e+05
4.650000e-01 5.561063e-01 6.940179e-01 6.093028e+02 8.270216e+01 1.491750e+00 6.940179e-01 4.228671e+02 3.355824e+05
4.750000e-01 5.686164e-01 6.872368e-01 6.119801e+02 8.157309e+01 1.501250e+00 6.872368e-01 4.205752e+02 3.326245e+05
4.850000e-01 5.811574e-01 6.805060e-01 6.146416e+02 8.045677e+01 1.510750e+00 6.805060e-01 4.182673e+02 3.296842e+05
4.950000e-01 5.937171e-01 6.738254e-01 6.172875e+02 7.935316e+01 1.520250e+00 6.738254e-01 4.159440e+02 3.267614e+05
5.050000e-01 6.062829e-01 6.671953e-01 6.199177e+02 7.826221e+01 1.529750e+00 6.671953e-01 4.136062e+02 3.238564e+05
5.150000e-01 6.188426e-01 6.606157e-01 6.225323e+02 7.718384e+01 1.539250e+00 6.606157e-01 4.112547e+02 3.209693e+05
5.250000e-01 6.313836e-01 6.540867e-01 6.251315e+02 7.611800e+01 1.548750e+00 6.540867e-01 4.088902e+02 3.181001e+05
5.350000e-01 6.438937e-01 6.476084e-01 6.277151e+02 7.506463e+01 1.558250e+00 6.476084e-01 4.065136e+02 3.152489e+05
5.450000e-01 6.563605e-01 6.411807e-01 6.302834e+02 7.402366e+01 1.567750e+00 6.411807e-01 4.041256e+02 3.124160e+05
5.550000e-01 6.687716e-01 6.348037e-01 6.328363e+02 7.299501e+01 1.577250e+00 6.348037e-01 4.017269e+02 3.096012e+05
5.650000e-01 6.811149e-01 6.284775e-01 6.353740e+02 7.197862e+01 1.586750e+00 6.284775e-01 3.993182e+02 3.068048e+05
5.750000e-01 6.933781e-01 6.222019e-01 6.378964e+02 7.097441e+01 1.596250e+00 6.222019e-01 3.969004e+02 3.040267e+05
5.850000e-01 7.055492e-01 6.159771e-01 6.404037e+02 6.998231e+01 1.605750e+00 6.159771e-01 3.944740e+02 3.012671e+05
5.950000e-01 7.176161e-01 6.098029e-01 6.428958e+02 6.900224e+01 1.615250e+00 6.098029e-01 3.920398e+02 2.985260e+05
6.050000e-01 7.295670e-01 6.036794e-01 6.453730e+02 6.803413e+01 1.624750e+00 6.036794e-01 3.895984e+02 2.958035e+05
6.150000e-01 7.413899e-01 5.976065e-01 6.478352e+02 6.707788e+01 1.634250e+00 5.976065e-01 3.871505e+02 2.930995e+05
6.250000e-01 7.530734e-01 5.915840e-01 6.502824e+02 6.613341e+01 1.643750e+00 5.915840e-01 3.846967e+02 2.904143e+05
6.350000e-01 7.646057e-01 5.856121e-01 6.527149e+02 6.520065e+01 1.653250e+00 5.856121e-01 3.822377e+02 2.877477e+05
6.450000e-01 7.759757e-01 5.796905e-01 6.551325e+02 6.427951e+01 1.662750e+00 5.796905e-01 3.797741e+02 2.850999e+05
6.550000e-01 7.871719e-01 5.738192e-01 6.575355e+02 6.336989e+01 1.672250e+00 5.738192e-01 3.773064e+02 2.824709e+05
6.650000e-01 7.981835e-01 5.679980e-01 6.599238e+02 6.247172e+01 1.681750e+00 5.679980e-01 3.748354e+02 2.798607e+05
6.750000e-01 8.089994e-01 5.622269e-01 6.622975e+02 6.158490e+01 1.691250e+00 5.622269e-01 3.723615e+02 2.772693e+05
6.850000e-01 8.196091e-01 5.565058e-01 6.646567e+02 6.070933e+01 1.700750e+00 5.565058e-01 3.698853e+02 2.746967e+05
6.950000e-01 8.300021e-01 5.508345e-01 6.670015e+02 5.984494e+01 1.710250e+00 5.508345e-01 3.674074e+02 2.721430e+05
7.050000e-01 8.401681e-01 5.452128e-01 6.693319e+02 5.899162e+01 1.719750e+00 5.452128e-01 3.649283e+02 2.696081e+05
7.150000e-01 8.500971e-01 5.396406e-01 6.716479e+02 5.814929e+01 1.729250e+00 5.396406e-01 3.624485e+02 2.670921e+05
7.250000e-01 8.597792e-01 5.341179e-01 6.739498e+02 5.731784e+01 1.738750e+00 5.341179e-01 3.599686e+02 2.645950e+05
7.350000e-01 8.692050e-01 5.286443e-01 6.762374e+02 5.649719e+01 1.748250e+00 5.286443e-01 3.574890e+02 2.621167e+05
7.450000e-01 8.783651e-01 5.232197e-01 6.785110e+02 5.568723e+01 1.757750e+00 5.232197e-01 3.550103e+02 2.596573e+05
7.550000e-01 8.872505e-01 5.178440e-01 6.807705e+02 5.488787e+01 1.767250e+00 5.178440e-01 3.525329e+02 2.572167e+05
7.650000e-01 8.958524e-01 5.125169e-01 6.830161e+02 5.409902e+01 1.776750e+00 5.125169e-01 3.500573e+02 2.547949e+05
7.750000e-01 9.041624e-01 5.072383e-01 6.852477e+02 5.332056e+01 1.786250e+00 5.072383e-01 3.475839e+02 2.523919e+05
7.850000e-01 9.121722e-01 5.020079e-01 6.874656e+02 5.255242e+01 1.795750e+00 5.020079e-01 3.451132e+02 2.500078e+05
7.950000e-01 9.198739e-01 4.968256e-01 6.896697e+02 5.179448e+01 1.805250e+00 4.968256e-01 3.426455e+02 2.476423e+05
8.050000e-01 9.272599e-01 4.916911e-01 6.918600e+02 5.104665e+01 1.814750e+00 4.916911e-01 3.401815e+02 2.452956e+05
8.150000e-01 9.343229e-01 4.866043e-01 6.940368e+02 5.030883e+01 1.824250e+00 4.866043e-01 3.377213e+02 2.429676e+05
8.250000e-01 9.410561e-01 4.815648e-01 6.962000e+02 4.958091e+01 1.833750e+00 4.815648e-01 3.352654e+02 2.406582e+05
8.350000e-01 9.474526e-01 4.765725e-01 6.983498e+02 4.886281e+01 1.843250e+00 4.765725e-01 3.328143e+02 2.383674e+05
8.450000e-01 9.535063e-01 4.716271e-01 7.004861e+02 4.815442e+01 1.852750e+00 4.716271e-01 3.303682e+02 2.360952e+05
8.550000e-01 9.592110e-01 4.667284e-01 7.026091e+02 4.745563e+01 1.862250e+00 4.667284e-01 3.279276e+02 2.338416e+05
8.650000e-01 9.645613e-01 4.618761e-01 7.047189e+02 4.676636e+01 1.871750e+00 4.618761e-01 3.254928e+02 2.316063e+05
8.750000e-01 9.695518e-01 4.570700e-01 7.068154e+02 4.608649e+01 1.881250e+00 4.570700e-01 3.230641e+02 2.293896e+05
8.850000e-01 9.741776e-01 4.523098e-01 7.088988e+02 4.541593e+01 1.890750e+00 4.523098e-01 3.206419e+02 2.271912e+05
8.950000e-01 9.784341e-01 4.475952e-01 7.109692e+02 4.475458e+01 1.900250e+00 4.475952e-01 3.182264e+02 2.250111e+05
9.050000e-01 9.823172e-01 4.429261e-01 7.130266e+02 4.410234e+01 1.909750e+00 4.429261e-01 3.158181e+02 2.228492e+05
9.150000e-01 9.858230e-01 4.383021e-01 7.150711e+02 4.345911e+01 1.919250e+00 4.383021e-01 3.134171e+02 2.207055e+05
9.250000e-01 9.889480e-01 4.337229e-01 7.171027e+02 4.282479e+01 1.928750e+00 4.337229e-01 3.110239e+02 2.185800e+05
9.350000e-01 9.916891e-01 4.291883e-01 7.191216e+02 4.219928e+01 1.938250e+00 4.291883e-01 3.086386e+02 2.164725e+05
9.450000e-01 9.940437e-01 4.246981e-01 7.211278e+02 4.158247e+01 1.947750e+00 4.246981e-01 3.062616e+02 2.143831e+05
9.550000e-01 9.960095e-01 4.202518e-01 7.231214e+02 4.097428e+01 1.957250e+00 4.202518e-01 3.038931e+02 2.123115e+05
9.650000e-01 9.975844e-01 4.158493e-01 7.251024e+02 4.037460e+01 1.966750e+00 4.158493e-01 3.015333e+02 2.102578e+05
9.750000e-01 9.987669e-01 4.114902e-01 7.270709e+02 3.978334e+01 1.976250e+00 4.114902e-01 2.991826e+02 2.082218e+05
9.850000e-01 9.995559e-01 4.071743e-01 7.290270e+02 3.920040e+01 1.985750e+00 4.071743e-01 2.968411e+02 2.062036e+05
9.950000e-01 9.999507e-01 4.029013e-01 7.309708e+02 3.862567e+01 1.995250e+00 4.029013e-01 2.945091e+02 2.042029e+05
1.005000e+00 1.000000e+00 4.007807e-01 7.319381e+02 3.834136e+01 2.000000e+00 4.007807e-01 2.933467e+02 2.032092e+05
1.015000e+00 1.000000e+00 4.007807e-01 7.319381e+02 3.834136e+01 2.000000e+00 4.007807e-01 2.933467e+02 2.032092e+05
1.025000e+00 1.000000e+00 4.007807e-01 7.319381e+02 3.834136e+01 2.000000e+00 4.007807e-01 2.933467e+02 2.032092e+05
1.035000e+00 1.000000e+00 4.007807e-01 7.319381e+02 3.834136e+01 2.000000e+00 4.007807e-01 2.933467e+02 2.032092e+05
1.045000e+00 1.000000e+00 4.007807e-01 7.319381e+02 3.834136e+01 2.000000e+00 4.007807e-01 2.933467e+02 2.032092e+05
1.055000e+00 1.000000e+00 4.007807e-01 7.319381e+02 3.834136e+01 2.000000e+00 4.007807e-01 2.933467e+02 2.032092e+05
1.065000e+00 1.000000e+00 4.007807e-01 7.319381e+02 3.834136e+01 2.000000e+00 4.007807e-01 2.933467e+02 2.032092e+05
1.075000e+00 1.000000e+00 4.007807e-01 7.319381e+02 3.834136e+01 2.000000e+00 4.007807e-01 2.933467e+02 2.032092e+05
1.085000e+00 1.000000e+00 4.007807e-01 7.319381e+02 3.834136e+01 2.000000e+00 4.007807e-01 2.933467e+02 2.032092e+05
1.095000e+00 1.000000e+00 4.007807e-01 7.319381e+02 3.834136e+01 2.000000e+00 4.007807e-01 2.933467e+02 2.032092e+05
1.105000e+00 1.000000e+00 4.007807e-01 7.319381e+02 3.834136e+01 2.000000e+00 4.007807e-01 2.933467e+02 2.032092e+05
1.115000e+00 1.000000e+00 4.007807e-01 7.319381e+02 3.834136e+01 2.000000e+00 4.007807e-01 2.933467e+02 2.032092e+05
1.125000e+00 1.000000e+00 4.007807e-01 7.319381e+02 3.834136e+01 2.000000e+00 4.007807e-01 2.933467e+02 2.032092e+05
1.135000e+00 1.000000e+00 4.007807e-01 7.319381e+02 3.834136e+01 2.000000e+00 4.007807e-01 2.933467e+02 2.032092e+05
1.145000e+00 1.000000e+00 4.007807e-01 7.319381e+02 3.834136e+01 2.000000e+00 4.007807e-01 2.933467e+02 2.032092e+05
1.155000e+00 1.000000e+00 4.007807e-01 7.319381e+02 3.834136e+01 2.000000e+00 4.007807e-01 2.933467e+02 2.032092e+05
1.165000e+00 1.000000e+00 4.007807e-01 7.319381e+02 3.834136e+01 2.000000e+00 4.007807e-01 2.933467e+02 2.032092e+05
1.175000e+00 1.000000e+00 4.007807e-01 7.319381e+02 3.834136e+01 2.000000e+00 4.007807e-01 2.933467e+02 2.032092e+05
1.185000e+00 1.000000e+00 4.007807e-01 7.319381e+02 3.834136e+01 2.000000e+00 4.007807e-01 2.933467e+02 2.032092e+05
1.195000e+00 1.000000e+00 4.007807e-01 7.319381e+02 3.834136e+01 2.000000e+00 4.007807e-01 2.933467e+02 2.032092e+05
1.205000e+00 1.000000e+00 4.007807e-01 7.319381e+02 3.834136e+01 2.000000e+00 4.007807e-01 2.933467e+02 2.032092e+05
1.215000e+00 1.000000e+00 4.007807e-01 7.319381e+02 3.834136e+01 2.000000e+00 4.007807e-01 2.933467e+02 2.032092e+05
1.225000e+00 1.000000e+00 4.007807e-01 7.319381e+02 3.834136e+01 2.000000e+00 4.007807e-01 2.933467e+02 2.032092e+05
1.235000e+00 1.000000e+00 4.007807e-01 7.319381e+02 3.834136e+01 2.000000e+00 4.007807e-01 2.933467e+02 2.032092e+05
1.245000e+00 1.000000e+00 4.007807e-01 7.319381e+02 3.834136e+01 2.000000e+00 4.007807e-01 2.933467e+02 2.032092e+05
1.255000e+00 1.000000e+00 4.007807e-01 7.319381e+02 3.834136e+01 2.000000e+00 4.007807e-01 2.933467e+02 2.032092e+05
1.265000e+00 1.000000e+00 4.007807e-01 7.319381e+02 3.834136e+01 2.000000e+00 4.007807e-01 2.933467e+02 2.032092e+05
1.275000e+00 1.000000e+00 4.007807e-01 7.319381e+02 3.834136e+01 2.000000e+00 4.007807e-01 2.933467e+02 2.032092e+05
1.285000e+00 1.000000e+00 4.007807e-01 7.319381e+02 3.834136e+01 2.000000e+00 4.007807e-01 2.933467e+02 2.032092e+05
1.295000e+00 1.000000e+00 4.007807e-01 7.319381e+02 3.834136e+01 2.000000e+00 4.007807e-01 2.933467e+02 2.032092e+05
1.305000e+00 1.000000e+00 4.007807e-01 7.319381e+02 3.834136e+01 2.000000e+00 4.007807e-01 2.933467e+02 2.032092e+05
1.315000e+00 1.000000e+00 4.007807e-01 7.319381e+02 3.834136e+01 2.000000e+00 4.007807e-01 2.933467e+02 2.032092e+05
1.325000e+00 1.000000e+00 4.007807e-01 7.319381e+02 3.834136e+01 2.000000e+00 4.007807e-01 2.933467e+02 2.032092e+05
1.335000e+00 1.000000e+00 4.007807e-01 7.319381e+02 3.834136e+01 2.000000e+00 4.007807e-01 2.933467e+02 2.032092e+05
1.345000e+00 1.000000e+00 4.007807e-01 7.319381e+02 3.834136e+01 2.000000e+00 4.007807e-01 2.933467e+02 2.032092e+05
1.355000e+00 1.000000e+00 4.007807e-01 7.319381e+02 3.834136e+01 2.000000e+00 4.007807e-01 2.933467e+02 2.032092e+05
1.365000e+00 1.000000e+00 4.007807e-01 7.319381e+02 3.834136e+01 2.000000e+00 4.007807e-01 2.933467e+02 2.032092e+05
1.375000e+00 1.000000e+00 4.007807e-01 7.319381e+02 3.834136e+01 2.000000e+00 4.007807e-01 2.933467e+02 2.032092e+05
1.385000e+00 1.000000e+00 4.007807e-01 7.319381e+02 3.834136e+01 2.000000e+00 4.007807e-01 2.933467e+02 2.032092e+05
1.395000e+00 1.000000e+00 4.007807e-01 7.319381e+02 3.834136e+01 2.000000e+00 4.007807e-01 2.933467e+02 2.032092e+05
1.405000e+00 1.000000e+00 4.007807e-01 7.319381e+02 3.834136e+01 2.000000e+00 4.007807e-01 2.933467e+02 2.032092e+05
1.415000e+00 1.000000e+00 4.007807e-01 7.319381e+02 3.834136e+01 2.000000e+00 4.007807e-01 2.933467e+02 2.032092e+05
1.425000e+00 1.000000e+00 4.007807e-01 7.319381e+02 3.834136e+01 2.000000e+00 4.007807e-01 2.933467e+02 2.032092e+05
1.435000e+00 1.000000e+00 4.007807e-01 7.319381e+02 3.834136e+01 2.000000e+00 4.007807e-01 2.933467e+02 2.032092e+05
1.445000e+00 1.000000e+00 4.007807e-01 7.319381e+02 3.834136e+01 2.000000e+00 4.007807e-01 2.933467e+02 2.032092e+05
1.455000e+00 1.000000e+00 4.007807e-01 7.319381e+02 3.834136e+01 2.000000e+00 4.007807e-01 2.933467e+02 2.032092e+05
1.465000e+00 1.000000e+00 4.007807e-01 7.319381e+02 3.834136e+01 2.000000e+00 4.007807e-01 2.933467e+02 2.032092e+05
1.475000e+00 1.000000e+00 4.007807e-01 7.319381e+02 3.834136e+01 2.000000e+00 4.007807e-01 2.933467e+02 2.032092e+05
1.485000e+00 1.000000e+00 4.007807e-01 7.319381e+02 3.834136e+01 2.000000e+00 4.007807e-01 2.933467e+02 2.032092e+05
1.495000e+00 1.000000e+00 4.007807e-01 7.319381e+02 3.834136e+01 2.000000e+00 4.007807e-01 2.933467e+02 2.032092e+05
-1.495000e+00 1.000000e+00 1.733480e+00 4.905087e+01 2.979094e+02 1.000000e-01 1.733480e+00 8.502870e+01 7.468589e+05
-1.485000e+00 1.000000e+00 1.733480e+00 4.905087e+01 2.979094e+02 1.000000e-01 1.733480e+00 8.502870e+01 7.468589e+05
-1.475000e+00 1.000000e+00 1.733480e+00 4.905087e+01 2.979094e+02 1.000000e-01 1.733480e+00 8.502870e+01 7.468589e+05
-1.465000e+00 1.000000e+00 1.733480e+00 4.905087e+01 2.979094e+02 1.000000e-01 1.733480e+00 8.502870e+01 7.468589e+05
-1.455000e+00 1.000000e+00 1.733480e+00 4.905087e+01 2.979094e+02 1.000000e-01 1.733480e+00 8.502870e+01 7.468589e+05
-1.445000e+00 1.000000e+00 1.733480e+00 4.905087e+01 2.979094e+02 1.000000e-01 1.733480e+00 8.502870e+01 7.468589e+05
-1.435000e+00 1.000000e+00 1.733480e+00 4.905087e+01 2.979094e+02 1.000000e-01 1.733480e+00 8.502870e+01 7.468589e+05
-1.425000e+00 1.000000e+00 1.733480e+00 4.905087e+01 2.979094e+02 1.000000e-01 1.733480e+00 8.502870e+01 7.468589e+05
-1.415000e+00 1.000000e+00 1.733480e+00 4.905087e+01 2.979094e+02 1.000000e-01 1.733480e+00 8.502870e+01 7.468589e+05
-1.405000e+00 1.000000e+00 1.733480e+00 4.905087e+01 2.979094e+02 1.000000e-01 1.733480e+00 8.502870e+01 7.468589e+05
-1.395000e+00 1.000000e+00 1.733480e+00 4.905087e+01 2.979094e+02 1.000000e-01 1.733480e+00 8.502870e+01 7.468589e+05
-1.385000e+00 1.000000e+00 1.733480e+00 4.905087e+01 2.979094e+02 1.000000e-01 1.733480e+00 8.502870e+01 7.468589e+05
-1.375000e+00 1.000000e+00 1.733480e+00 4.905087e+01 2.979094e+02 1.000000e-01 1.733480e+00 8.502870e+01 7.468589e+05
-1.365000e+00 1.000000e+00 1.733480e+00 4.905087e+01 2.979094e+02 1.000000e-01 1.733480e+00 8.502870e+01 7.468589e+05
-1.355000e+00 1.000000e+00 1.733480e+00 4.905087e+01 2.979094e+02 1.000000e-01 1.733480e+00 8.502870e+01 7.468589e+05
-1.345000e+00 1.000000e+00 1.733480e+00 4.905087e+01 2.979094e+02 1.000000e-01 1.733480e+00 8.502870e+01 7.468589e+05
-1.335000e+00 1.000000e+00 1.733480e+00 4.905087e+01 2.979094e+02 1.000000e-01 1.733480e+00 8.502870e+01 7.468589e+05
-1.325000e+00 1.000000e+00 1.733480e+00 4.905087e+01 2.979094e+02 1.000000e-01 1.733480e+00 8.502870e+01 7.468589e+05
-1.315000e+00 1.000000e+00 1.733480e+00 4.905087e+01 2.979094e+02 1.000000e-01 1.733480e+00 8.502870e+01 7.468589e+05
-1.305000e+00 1.000000e+00 1.733480e+00 4.905087e+01 2.979094e+02 1.000000e-01 1.733480e+00 8.502870e+01 7.468589e+05
-1.295000e+00 1.000000e+00 1.733480e+00 4.905087e+01 2.979094e+02 1.000000e-01 1.733480e+00 8.502870e+01 7.468589e+05
-1.285000e+00 1.000000e+00 1.733480e+00 4.905087e+01 2.979094e+02 1.000000e-01 1.733480e+00 8.502870e+01 7.468589e+05
-1.275000e+00 1.000000e+00 1.733480e+00 4.905087e+01 2.979094e+02 1.000000e-01 1.733480e+00 8.502870e+01 7.468589e+05
-1.265000e+00 1.000000e+00 1.733480e+00 4.905087e+01 2.979094e+02 1.000000e-01 1.733480e+00 8.502870e+01 7.468589e+05
-1.255000e+00 1.000000e+00 1.733480e+00 4.905087e+01 2.979094e+02 1.000000e-01 1.733480e+00 8.502870e+01 7.468589e+05
-1.245000e+00 1.000000e+00 1.733480e+00 4.905087e+01 2.979094e+02 1.000000e-01 1.733480e+00 8.502870e+01 7.468589e+05
-1.235000e+00 1.000000e+00 1.733480e+00 4.905087e+01 2.979094e+02 1.000000e-01 1.733480e+00 8.502870e+01 7.468589e+05
-1.225000e+00 1.000000e+00 1.733480e+00 4.905087e+01 2.979094e+02 1.000000e-01 1.733480e+00 8.502870e+01 7.468589e+05
-1.215000e+00 1.000000e+00 1.733480e+00 4.905087e+01 2.979094e+02 1.000000e-01 1.733480e+00 8.502870e+01 7.468589e+05
-1.205000e+00 1.000000e+00 1.733480e+00 4.905087e+01 2.979094e+02 1.000000e-01 1.733480e+00 8.502870e+01 7.468589e+05
-1.195000e+00 1.000000e+00 1.733480e+00 4.905087e+01 2.979094e+02 1.000000e-01 1.733480e+00 8.502870e+01 7.468589e+05
-1.185000e+00 1.000000e+00 1.733480e+00 4.905087e+01 2.979094e+02 1.000000e-01 1.733480e+00 8.502870e+01 7.468589e+05
-1.175000e+00 1.000000e+00 1.733480e+00 4.905087e+01 2.979094e+02 1.000000e-01 1.733480e+00 8.502870e+01 7.468589e+05
-1.165000e+00 1.000000e+00 1.733480e+00 4.905087e+01 2.979094e+02 1.000000e-01 1.733480e+00 8.502870e+01 7.468589e+05
-1.155000e+00 1.000000e+00 1.733480e+00 4.905087e+01 2.979094e+02 1.000000e-01 1.733480e+00 8.502870e+01 7.468589e+05
-1.145000e+00 1.000000e+00 1.733480e+00 4.905087e+01 2.979094e+02 1.000000e-01 1.733480e+00 8.502870e+01 7.468589e+05
-1.135000e+00 1.000000e+00 1.733480e+00 4.905087e+01 2.979094e+02 1.000000e-01 1.733480e+00 8.502870e+01 7.468589e+05
-1.125000e+00 1.000000e+00 1.733480e+00 4.905087e+01 2.979094e+02 1.000000e-01 1.733480e+00 8.502870e+01 7.468589e+05
-1.115000e+00 1.000000e+00 1.733480e+00 4.905087e+01 2.979094e+02 1.000000e-01 1.733480e+00 8.502870e+01 7.468589e+05
-1.105000e+00 1.000000e+00 1.733480e+00 4.905087e+01 2.979094e+02 1.000000e-01 1.733480e+00 8.502870e+01 7.468589e+05
-1.095000e+00 1.000000e+00 1.733480e+00 4.905087e+01 2.979094e+02 1.000000e-01 1.733480e+00 8.502870e+01 7.468589e+05
-1.085000e+00 1.000000e+00 1.733480e+00 4.905087e+01 2.979094e+02 1.000000e-01 1.733480e+00 8.502870e+01 7.468589e+05
-1.075000e+00 1.000000e+00 1.733480e+00 4.905087e+01 2.979094e+02 1.000000e-01 1.733480e+00 8.502870e+01 7.468589e+05
-1.065000e+00 1.000000e+00 1.733480e+00 4.905087e+01 2.979094e+02 1.000000e-01 1.733480e+00 8.502870e+01 7.468589e+05
-1.055000e+00 1.000000e+00 1.733480e+00 4.905087e+01 2.979094e+02 1.000000e-01 1.733480e+00 8.502870e+01 7.468589e+05
-1.045000e+00 1.000000e+00 1.733480e+00 4.905087e+01 2.979094e+02 1.000000e-01 1.733480e+00 8.502870e+01 7.468589e+05
-1.035000e+00 1.000000e+00 1.733483e+00 4.905100e+01 2.979101e+02 1.000000e-01 1.733483e+00 8.502906e+01 7.468607e+05
-1.025000e+00 1.000000e+00 1.733484e+00 4.905086e+01 2.979106e+02 1.000000e-01 1.733484e+00 8.502891e+01 7.468619e+05
-1.015000e+00 1.000000e+00 1.733304e+00 4.903325e+01 2.978674e+02 1.000000e-01 1.733304e+00 8.498955e+01 7.467521e+05
-1.005000e+00 1.000000e+00 1.732944e+00 4.902257e+01 2.977808e+02 1.000000e-01 1.732944e+00 8.495335e+01 7.465344e+05
-9.950000e-01 9.999507e-01 1.731924e+00 5.135021e+01 2.975359e+02 1.047500e-01 1.731924e+00 8.893464e+01 7.461231e+05
-9.850000e-01 9.995559e-01 1.730134e+00 5.599061e+01 2.971058e+02 1.142500e-01 1.730134e+00 9.687124e+01 7.454765e+05
-9.750000e-01 9.987669e-01 1.728192e+00 6.062799e+01 2.966394e+02 1.237500e-01 1.728192e+00 1.047768e+02 7.447748e+05
-9.650000e-01 9.975844e-01 1.726098e+00 6.526211e+01 2.961369e+02 1.332500e-01 1.726098e+00 1.126488e+02 7.440181e+05
-9.550000e-01 9.960095e-01 1.723854e+00 6.989271e+01 2.955985e+02 1.427500e-01 1.723854e+00 1.204848e+02 7.432068e+05
-9.450000e-01 9.940437e-01 1.721460e+00 7.451954e+01 2.950245e+02 1.522500e-01 1.721460e+00 1.282824e+02 7.423410e+05
-9.350000e-01 9.916891e-01 1.718917e+00 7.914236e+01 2.944151e+02 1.617500e-01 1.718917e+00 1.360391e+02 7.414210e+05
-9.250000e-01 9.889480e-01 1.716226e+00 8.376093e+01 2.937707e+02 1.712500e-01 1.716226e+00 1.437527e+02 7.404471e+05
-9.150000e-01 9.858230e-01 1.713388e+00 8.837500e+01 2.930915e+02 1.807500e-01 1.713388e+00 1.514206e+02 7.394196e+05
-9.050000e-01 9.823172e-01 1.710404e+00 9.298433e+01 2.923779e+02 1.902500e-01 1.710404e+00 1.590407e+02 7.383388e+05
-8.950000e-01 9.784341e-01 1.707275e+00 9.758868e+01 2.916302e+02 1.997500e-01 1.707275e+00 1.666107e+02 7.372051e+05
-8.850000e-01 9.741776e-01 1.704002e+00 1.021878e+02 2.908487e+02 2.092500e-01 1.704002e+00 1.741283e+02 7.360186e+05
-8.750000e-01 9.695518e-01 1.700587e+00 1.067815e+02 2.900339e+02 2.187500e-01 1.700587e+00 1.815912e+02 7.347799e+05
-8.650000e-01 9.645613e-01 1.697031e+00 1.113694e+02 2.891860e+02 2.282500e-01 1.697031e+00 1.889974e+02 7.334893e+05
-8.550000e-01 9.592110e-01 1.693335e+00 1.159515e+02 2.883056e+02 2.377500e-01 1.693335e+00 1.963447e+02 7.321471e+05
-8.450000e-01 9.535063e-01 1.689500e+00 1.205273e+02 2.873929e+02 2.472500e-01 1.689500e+00 2.036309e+02 7.307538e+05
-8.350000e-01 9.474526e-01 1.685528e+00 1.250968e+02 2.864485e+02 2.567500e-01 1.685528e+00 2.108542e+02 7.293098e+05
-8.250000e-01 9.410561e-01 1.681420e+00 1.296596e+02 2.854727e+02 2.662500e-01 1.681420e+00 2.180123e+02 7.278154e+05
-8.150000e-01 9.343229e-01 1.677178e+00 1.342156e+02 2.844660e+02 2.757500e-01 1.677178e+00 2.251035e+02 7.262712e+05
-8.050000e-01 9.272599e-01 1.672803e+00 1.387645e+02 2.834289e+02 2.852500e-01 1.672803e+00 2.321256e+02 7.246776e+05
-7.950000e-01 9.198739e-01 1.668296e+00 1.433061e+02 2.823618e+02 2.947500e-01 1.668296e+00 2.390770e+02 7.230350e+05
-7.850000e-01 9.121722e-01 1.663660e+00 1.478402e+02 2.812651e+02 3.042500e-01 1.663660e+00 2.459558e+02 7.213439e+05
-7.750000e-01 9.041624e-01 1.658896e+00 1.523665e+02 2.801395e+02 3.137500e-01 1.658896e+00 2.527601e+02 7.196049e+05
-7.650000e-01 8.958524e-01 1.654006e+00 1.568848e+02 2.789854e+02 3.232500e-01 1.654006e+00 2.594883e+02 7.178183e+05
-7.550000e-01 8.872505e-01 1.648990e+00 1.613949e+02 2.778032e+02 3.327500e-01 1.648990e+00 2.661386e+02 7.159848e+05
-7.450000e-01 8.783651e-01 1.643852e+00 1.658966e+02 2.765936e+02 3.422500e-01 1.643852e+00 2.727095e+02 7.141049e+05
-7.350000e-01 8.692050e-01 1.638593e+00 1.703897e+02 2.753571e+02 3.517500e-01 1.638593e+00 2.791994e+02 7.121790e+05
-7.250000e-01 8.597792e-01 1.633214e+00 1.748740e+02 2.740941e+02 3.612500e-01 1.633214e+00 2.856067e+02 7.102078e+05
-7.150000e-01 8.500971e-01 1.627718e+00 1.793492e+02 2.728052e+02 3.707500e-01 1.627718e+00 2.919300e+02 7.081918e+05
-7.050000e-01 8.401681e-01 1.622106e+00 1.838152e+02 2.714911e+02 3.802500e-01 1.622106e+00 2.981679e+02 7.061316e+05
-6.950000e-01 8.300021e-01 1.616381e+00 1.882718e+02 2.701521e+02 3.897500e-01 1.616381e+00 3.043189e+02 7.040277e+05
-6.850000e-01 8.196091e-01 1.610543e+00 1.927187e+02 2.687890e+02 3.992500e-01 1.610543e+00 3.103818e+02 7.018807e+05
-6.750000e-01 8.089994e-01 1.604596e+00 1.971557e+02 2.674022e+02 4.087500e-01 1.604596e+00 3.163553e+02 6.996912e+05
-6.650000e-01 7.981835e-01 1.598541e+00 2.015827e+02 2.659924e+02 4.182500e-01 1.598541e+00 3.222382e+02 6.974599e+05
-6.550000e-01 7.871719e-01 1.592380e+00 2.059995e+02 2.645602e+02 4.277500e-01 1.592380e+00 3.280294e+02 6.951873e+05
-6.450000e-01 7.759757e-01 1.586115e+00 2.104058e+02 2.631060e+02 4.372500e-01 1.586115e+00 3.337277e+02 6.928741e+05
-6.350000e-01 7.646057e-01 1.579748e+00 2.148015e+02 2.616306e+02 4.467500e-01 1.579748e+00 3.393322e+02 6.905209e+05
-6.250000e-01 7.530734e-01 1.573281e+00 2.191865e+02 2.601344e+02 4.562500e-01 1.573281e+00 3.448419e+02 6.881283e+05
-6.150000e-01 7.413899e-01 1.566716e+00 2.235604e+02 2.586182e+02 4.657500e-01 1.566716e+00 3.502557e+02 6.856971e+05
-6.050000e-01 7.295670e-01 1.560056e+00 2.279232e+02 2.570824e+02 4.752500e-01 1.560056e+00 3.555729e+02 6.832277e+05
-5.950000e-01 7.176161e-01 1.553302e+00 2.322746e+02 2.555278e+02 4.847500e-01 1.553302e+00 3.607927e+02 6.807209e+05
-5.850000e-01 7.055492e-01 1.546457e+00 2.366146e+02 2.539548e+02 4.942500e-01 1.546457e+00 3.659142e+02 6.781773e+05
-5.750000e-01 6.933781e-01 1.539522e+00 2.409428e+02 2.523642e+02 5.037500e-01 1.539522e+00 3.709368e+02 6.755977e+05
-5.650000e-01 6.811149e-01 1.532500e+00 2.452592e+02 2.507564e+02 5.132500e-01 1.532500e+00 3.758598e+02 6.729826e+05
-5.550000e-01 6.687716e-01 1.525393e+00 2.495636e+02 2.491322e+02 5.227500e-01 1.525393e+00 3.806826e+02 6.703328e+05
-5.450000e-01 6.563605e-01 1.518203e+00 2.538558e+02 2.474921e+02 5.322500e-01 1.518203e+00 3.854048e+02 6.676490e+05
-5.350000e-01 6.438937e-01 1.510933e+00 2.581357e+02 2.458368e+02 5.417500e-01 1.510933e+00 3.900257e+02 6.649317e+05
-5.250000e-01 6.313836e-01 1.503583e+00 2.624031e+02 2.441668e+02 5.512500e-01 1.503583e+00 3.945450e+02 6.621818e+05
-5.150000e-01 6.188426e-01 1.496158e+00 2.666579e+02 2.424827e+02 5.607500e-01 1.496158e+00 3.989622e+02 6.593998e+05
-5.050000e-01 6.062829e-01 1.488658e+00 2.708999e+02 2.407851e+02 5.702500e-01 1.488658e+00 4.032772e+02 6.565866e+05
-4.950000e-01 5.937171e-01 1.481085e+00 2.751290e+02 2.390746e+02 5.797500e-01 1.481085e+00 4.074895e+02 6.537427e+05
-4.850000e-01 5.811574e-01 1.473443e+00 2.793450e+02 2.373519e+02 5.892500e-01 1.473443e+00 4.115989e+02 6.508689e+05
-4.750000e-01 5.686164e-01 1.465733e+00 2.835478e+02 2.356175e+02 5.987500e-01 1.465733e+00 4.156054e+02 6.479658e+05
-4.650000e-01 5.561063e-01 1.457957e+00 2.877373e+02 2.338720e+02 6.082500e-01 1.457957e+00 4.195087e+02 6.450342e+05
-4.550000e-01 5.436395e-01 1.450118e+00 2.919134e+02 2.321160e+02 6.177500e-01 1.450118e+00 4.233088e+02 6.420747e+05
-4.450000e-01 5.312284e-01 1.442217e+00 2.960759e+02 2.303500e+02 6.272500e-01 1.442217e+00 4.270057e+02 6.390880e+05
-4.350000e-01 5.188851e-01 1.434257e+00 3.002247e+02 2.285747e+02 6.367500e-01 1.434257e+00 4.305993e+02 6.360749e+05
-4.250000e-01 5.066219e-01 1.426240e+00 3.043597e+02 2.267905e+02 6.462500e-01 1.426240e+00 4.340899e+02 6.330360e+05
-4.150000e-01 4.944508e-01 1.418168e+00 3.084808e+02 2.249981e+02 6.557500e-01 1.418168e+00 4.374774e+02 6.299720e+05
-4.050000e-01 4.823839e-01 1.410042e+00 3.125878e+02 2.231980e+02 6.652500e-01 1.410042e+00 4.407621e+02 6.268835e+05
-3.950000e-01 4.704330e-01 1.401866e+00 3.166808e+02 2.213908e+02 6.747500e-01 1.401866e+00 4.439441e+02 6.237714e+05
-3.850000e-01 4.586101e-01 1.393641e+00 3.207596e+02 2.195770e+02 6.842500e-01 1.393641e+00 4.470237e+02 6.206361e+05
-3.750000e-01 4.469266e-01 1.385369e+00 3.248241e+02 2.177571e+02 6.937500e-01 1.385369e+00 4.500013e+02 6.174784e+05
-3.650000e-01 4.353943e-01 1.377052e+00 3.288743e+02 2.159316e+02 7.032500e-01 1.377052e+00 4.528771e+02 6.142989e+05
-3.550000e-01 4.240243e-01 1.368693e+00 3.329100e+02 2.141012e+02 7.127500e-01 1.368693e+00 4.556515e+02 6.110984e+05
-3.450000e-01 4.128281e-01 1.360292e+00 3.369312e+02 2.122662e+02 7.222500e-01 1.360292e+00 4.583249e+02 6.078774e+05
-3.350000e-01 4.018165e-01 1.351853e+00 3.409379e+02 2.104271e+02 7.317500e-01 1.351853e+00 4.608978e+02 6.046365e+05
-3.250000e-01 3.910006e-01 1.343376e+00 3.449299e+02 2.085845e+02 7.412500e-01 1.343376e+00 4.633707e+02 6.013765e+05
-3.150000e-01 3.803909e-01 1.334865e+00 3.489072e+02 2.067389e+02 7.507500e-01 1.334865e+00 4.657441e+02 5.980979e+05
-3.050000e-01 3.699979e-01 1.326320e+00 3.528699e+02 2.048906e+02 7.602500e-01 1.326320e+00 4.680185e+02 5.948014e+05
-2.950000e-01 3.598319e-01 1.317744e+00 3.568178e+02 2.030402e+02 7.697500e-01 1.317744e+00 4.701946e+02 5.914875e+05
-2.850000e-01 3.499029e-01 1.309139e+00 3.607509e+02 2.011881e+02 7.792500e-01 1.309139e+00 4.722730e+02 5.881568e+05
-2.750000e-01 3.402208e-01 1.300505e+00 3.646692e+02 1.993348e+02 7.887500e-01 1.300505e+00 4.742542e+02 5.848100e+05
-2.650000e-01 3.307950e-01 1.291846e+00 3.685728e+02 1.974806e+02 7.982500e-01 1.291846e+00 4.761391e+02 5.814476e+05
-2.550000e-01 3.216349e-01 1.283162e+00 3.724614e+02 1.956261e+02 8.077500e-01 1.283162e+00 4.779284e+02 5.780701e+05
-2.450000e-01 3.127495e-01 1.274456e+00 3.763353e+02 1.937715e+02 8.172500e-01 1.274456e+00 4.796226e+02 5.746781e+05
-2.350000e-01 3.041476e-01 1.265728e+00 3.801944e+02 1.919173e+02 8.267500e-01 1.265728e+00 4.812227e+02 5.712723e+05
-2.250000e-01 2.958376e-01 1.256982e+00 3.840386e+02 1.900639e+02 8.362500e-01 1.256982e+00 4.827294e+02 5.678530e+05
-2.150000e-01 2.878278e-01 1.248217e+00 3.878680e+02 1.882116e+02 8.457500e-01 1.248217e+00 4.841435e+02 5.644209e+05
-2.050000e-01 2.801261e-01 1.239437e+00 3.916826e+02 1.863609e+02 8.552500e-01 1.239437e+00 4.854658e+02 5.609765e+05
-1.950000e-01 2.727401e-01 1.230642e+00 3.954824e+02 1.845121e+02 8.647500e-01 1.230642e+00 4.866972e+02 5.575204e+05
-1.850000e-01 2.656771e-01 1.221834e+00 3.992674e+02 1.826656e+02 8.742500e-01 1.221834e+00 4.878386e+02 5.540530e+05
-1.750000e-01 2.589439e-01 1.213015e+00 4.030376e+02 1.808217e+02 8.837500e-01 1.213015e+00 4.888908e+02 5.505749e+05
-1.650000e-01 2.525474e-01 1.204186e+00 4.067931e+02 1.789807e+02 8.932500e-01 1.204186e+00 4.898547e+02 5.470866e+05
-1.550000e-01 2.464937e-01 1.195349e+00 4.105338e+02 1.771432e+02 9.027500e-01 1.195349e+00 4.907313e+02 5.435888e+05
-1.450000e-01 2.407890e-01 1.186506e+00 4.142597e+02 1.753093e+02 9.122500e-01 1.186506e+00 4.915215e+02 5.400820e+05
-1.350000e-01 2.354387e-01 1.177657e+00 4.179708e+02 1.734795e+02 9.217500e-01 1.177657e+00 4.922263e+02 5.365667e+05
-1.250000e-01 2.304482e-01 1.168805e+00 4.216670e+02 1.716540e+02 9.312500e-01 1.168805e+00 4.928466e+02 5.330437e+05
-1.150000e-01 2.258224e-01 1.159951e+00 4.253484e+02 1.698334e+02 9.407500e-01 1.159951e+00 4.933834e+02 5.295135e+05
-1.050000e-01 2.215659e-01 1.151098e+00 4.290147e+02 1.680180e+02 9.502500e-01 1.151098e+00 4.938378e+02 5.259768e+05
-9.500000e-02 2.176828e-01 1.142245e+00 4.326660e+02 1.662081e+02 9.597500e-01 1.142245e+00 4.942108e+02 5.224344e+05
-8.500000e-02 2.141770e-01 1.133396e+00 4.363022e+02 1.644042e+02 9.692500e-01 1.133396e+00 4.945033e+02 5.188869e+05
-7.500000e-02 2.110520e-01 1.124553e+00 4.399230e+02 1.626066e+02 9.787500e-01 1.124553e+00 4.947167e+02 5.153351e+05
-6.500000e-02 2.083109e-01 1.115716e+00 4.435283e+02 1.608158e+02 9.882500e-01 1.115716e+00 4.948518e+02 5.117799e+05
-5.500000e-02 2.059563e-01 1.106889e+00 4.471181e+02 1.590322e+02 9.977500e-01 1.106889e+00 4.949099e+02 5.082220e+05
-4.500000e-02 2.039905e-01 1.098072e+00 4.506919e+02 1.572562e+02 1.007250e+00 1.098072e+00 4.948920e+02 5.046624e+05
-3.500000e-02 2.024156e-01 1.089267e+00 4.542498e+02 1.554882e+02 1.016750e+00 1.089267e+00 4.947995e+02 5.011019e+05
-2.500000e-02 2.012331e-01 1.080478e+00 4.577913e+02 1.537288e+02 1.026250e+00 1.080478e+00 4.946334e+02 4.975414e+05
-1.500000e-02 2.004441e-01 1.071705e+00 4.613164e+02 1.519782e+02 1.035750e+00 1.071705e+00 4.943951e+02 4.939818e+05
-5.000000e-03 2.000493e-01 1.062951e+00 4.648247e+02 1.502370e+02 1.045250e+00 1.062951e+00 4.940857e+02 4.904240e+05
5.000000e-03 2.000493e-01 1.054217e+00 4.683160e+02 1.485055e+02 1.054750e+00 1.054217e+00 4.937066e+02 4.868691e+05
1.500000e-02 2.004441e-01 1.045505e+00 4.717901e+02 1.467842e+02 1.064250e+00 1.045505e+00 4.932589e+02 4.833177e+05
2.500000e-02 2.012331e-01 1.036818e+00 4.752467e+02 1.450734e+02 1.073750e+00 1.036818e+00 4.927441e+02 4.797709e+05
3.500000e-02 2.024156e-01 1.028156e+00 4.786856e+02 1.433735e+02 1.083250e+00 1.028156e+00 4.921635e+02 4.762294e+05
4.500000e-02 2.039905e-01 1.019522e+00 4.821067e+02 1.416848e+02 1.092750e+00 1.019522e+00 4.915183e+02 4.726941e+05
5.500000e-02 2.059563e-01 1.010917e+00 4.855097e+02 1.400077e+02 1.102250e+00 1.010917e+00 4.908099e+02 4.691658e+05
6.500000e-02 2.083109e-01 1.002343e+00 4.888944e+02 1.383425e+02 1.111750e+00 1.002343e+00 4.900397e+02 4.656451e+05
7.500000e-02 2.110520e-01 9.938003e-01 4.922608e+02 1.366894e+02 1.121250e+00 9.938003e-01 4.892090e+02 4.621327e+05
8.500000e-02 2.141770e-01 9.852915e-01 4.956088e+02 1.350487e+02 1.130750e+00 9.852915e-01 4.883191e+02 4.586293e+05
9.500000e-02 2.176828e-01 9.768172e-01 4.989381e+02 1.334205e+02 1.140250e+00 9.768172e-01 4.873714e+02 4.551354e+05
1.050000e-01 2.215659e-01 9.683786e-01 5.022489e+02 1.318051e+02 1.149750e+00 9.683786e-01 4.863671e+02 4.516515e+05
1.150000e-01 2.258224e-01 9.599767e-01 5.055410e+02 1.302027e+02 1.159250e+00 9.599767e-01 4.853076e+02 4.481781e+05
1.250000e-01 2.304482e-01 9.516126e-01 5.088145e+02 1.286133e+02 1.168750e+00 9.516126e-01 4.841943e+02 4.447157e+05
1.350000e-01 2.354387e-01 9.432869e-01 5.120693e+02 1.270371e+02 1.178250e+00 9.432869e-01 4.830283e+02 4.412646e+05
1.450000e-01 2.407890e-01 9.350006e-01 5.153055e+02 1.254741e+02 1.187750e+00 9.350006e-01 4.818109e+02 4.378252e+05
1.550000e-01 2.464937e-01 9.267544e-01 5.185231e+02 1.239245e+02 1.197250e+00 9.267544e-01 4.805435e+02 4.343978e+05
1.650000e-01 2.525474e-01 9.185489e-01 5.217221e+02 1.223884e+02 1.206750e+00 9.185489e-01 4.792273e+02 4.309826e+05
1.750000e-01 2.589439e-01 9.103847e-01 5.249028e+02 1.208657e+02 1.216250e+00 9.103847e-01 4.778634e+02 4.275801e+05
1.850000e-01 2.656771e-01 9.022624e-01 5.280650e+02 1.193565e+02 1.225750e+00 9.022624e-01 4.764532e+02 4.241903e+05
1.950000e-01 2.727401e-01 8.941825e-01 5.312090e+02 1.178608e+02 1.235250e+00 8.941825e-01 4.749978e+02 4.208135e+05
2.050000e-01 2.801261e-01 8.861455e-01 5.343347e+02 1.163787e+02 1.244750e+00 8.861455e-01 4.734983e+02 4.174500e+05
2.150000e-01 2.878278e-01 8.781519e-01 5.374424e+02 1.149101e+02 1.254250e+00 8.781519e-01 4.719561e+02 4.140999e+05
2.250000e-01 2.958376e-01 8.702020e-01 5.405321e+02 1.134551e+02 1.263750e+00 8.702020e-01 4.703721e+02 4.107634e+05
2.350000e-01 3.041476e-01 8.622964e-01 5.436039e+02 1.120137e+02 1.273250e+00 8.622964e-01 4.687477e+02 4.074407e+05
2.450000e-01 3.127495e-01 8.544353e-01 5.466579e+02 1.105858e+02 1.282750e+00 8.544353e-01 4.670838e+02 4.041320e+05
2.550000e-01 3.216349e-01 8.466192e-01 5.496942e+02 1.091715e+02 1.292250e+00 8.466192e-01 4.653817e+02 4.008374e+05
2.650000e-01 3.307950e-01 8.388484e-01 5.527129e+02 1.077707e+02 1.301750e+00 8.388484e-01 4.636423e+02 3.975572e+05
2.750000e-01 3.402208e-01 8.311233e-01 5.557141e+02 1.063834e+02 1.311250e+00 8.311233e-01 4.618670e+02 3.942915e+05
2.850000e-01 3.499029e-01 8.234441e-01 5.586980e+02 1.050096e+02 1.320750e+00 8.234441e-01 4.600566e+02 3.910404e+05
2.950000e-01 3.598319e-01 8.158112e-01 5.616646e+02 1.036493e+02 1.330250e+00 8.158112e-01 4.582122e+02 3.878041e+05
3.050000e-01 3.699979e-01 8.082249e-01 5.646139e+02 1.023025e+02 1.339750e+00 8.082249e-01 4.563350e+02 3.845828e+05
3.150000e-01 3.803909e-01 8.006854e-01 5.675462e+02 1.009691e+02 1.349250e+00 8.006854e-01 4.544260e+02 3.813766e+05
3.250000e-01 3.910006e-01 7.931932e-01 5.704614e+02 9.964908e+01 1.358750e+00 7.931932e-01 4.524861e+02 3.781856e+05
3.350000e-01 4.018165e-01 7.857483e-01 5.733598e+02 9.834247e+01 1.368250e+00 7.857483e-01 4.505165e+02 3.750102e+05
3.450000e-01 4.128281e-01 7.783512e-01 5.762412e+02 9.704920e+01 1.377750e+00 7.783512e-01 4.485180e+02 3.718503e+05
3.550000e-01 4.240243e-01 7.710020e-01 5.791060e+02 9.576924e+01 1.387250e+00 7.710020e-01 4.464918e+02 3.687061e+05
3.650000e-01 4.353943e-01 7.637010e-01 5.819540e+02 9.450257e+01 1.396750e+00 7.637010e-01 4.444388e+02 3.655779e+05
3.750000e-01 4.469266e-01 7.564483e-01 5.847855e+02 9.324914e+01 1.406250e+00 7.564483e-01 4.423600e+02 3.624657e+05
3.850000e-01 4.586101e-01 7.492443e-01 5.876004e+02 9.200892e+01 1.415750e+00 7.492443e-01 4.402563e+02 3.593697e+05
3.950000e-01 4.704330e-01 7.420892e-01 5.903989e+02 9.078186e+01 1.425250e+00 7.420892e-01 4.381286e+02 3.562900e+05
4.050000e-01 4.823839e-01 7.349830e-01 5.931810e+02 8.956793e+01 1.434750e+00 7.349830e-01 4.359780e+02 3.532267e+05
4.150000e-01 4.944508e-01 7.279261e-01 5.959468e+02 8.836708e+01 1.444250e+00 7.279261e-01 4.338052e+02 3.501801e+05
4.250000e-01 5.066219e-01 7.209185e-01 5.986964e+02 8.717926e+01 1.453750e+00 7.209185e-01 4.316113e+02 3.471502e+05
4.350000e-01 5.188851e-01 7.139604e-01 6.014299e+02 8.600443e+01 1.463250e+00 7.139604e-01 4.293971e+02 3.441372e+05
4.450000e-01 5.312284e-01 7.070520e-01 6.041472e+02 8.484254e+01 1.472750e+00 7.070520e-01 4.271635e+02 3.411412e+05
4.550000e-01 5.436395e-01 7.001934e-01 6.068486e+02 8.369352e+01 1.482250e+00 7.001934e-01 4.249114e+02 3.381623e+05
4.650000e-01 5.561063e-01 6.933848e-01 6.095340e+02 8.255734e+01 1.491750e+00 6.933848e-01 4.226416e+02 3.352006e+05
4.750000e-01 5.686164e-01 6.866261e-01 6.122035e+02 8.143393e+01 1.501250e+00 6.866261e-01 4.203549e+02 3.322562e+05
4.850000e-01 5.811574e-01 6.799176e-01 6.148572e+02 8.032323e+01 1.510750e+00 6.799176e-01 4.180523e+02 3.293293e+05
4.950000e-01 5.937171e-01 6.732593e-01 6.174952e+02 7.922518e+01 1.520250e+00 6.732593e-01 4.157344e+02 3.264199e+05
5.050000e-01 6.062829e-01 6.666513e-01 6.201175e+02 7.813972e+01 1.529750e+00 6.666513e-01 4.134021e+02 3.235283e+05
5.150000e-01 6.188426e-01 6.600936e-01 6.227242e+02 7.706679e+01 1.539250e+00 6.600936e-01 4.110562e+02 3.206543e+05
5.250000e-01 6.313836e-01 6.535863e-01 6.253153e+02 7.600632e+01 1.548750e+00 6.535863e-01 4.086975e+02 3.177982e+05
5.350000e-01 6.438937e-01 6.471295e-01 6.278909e+02 7.495823e+01 1.558250e+00 6.471295e-01 4.063267e+02 3.149600e+05
5.450000e-01 6.563605e-01 6.407230e-01 6.304512e+02 7.392247e+01 1.567750e+00 6.407230e-01 4.039446e+02 3.121399e+05
5.550000e-01 6.687716e-01 6.343671e-01 6.329961e+02 7.289896e+01 1.577250e+00 6.343671e-01 4.015519e+02 3.093378e+05
5.650000e-01 6.811149e-01 6.280616e-01 6.355257e+02 7.188761e+01 1.586750e+00 6.280616e-01 3.991493e+02 3.065538e+05
5.750000e-01 6.933781e-01 6.218065e-01 6.380400e+02 7.088837e+01 1.596250e+00 6.218065e-01 3.967375e+02 3.037881e+05
5.850000e-01 7.055492e-01 6.156019e-01 6.405393e+02 6.990115e+01 1.605750e+00 6.156019e-01 3.943172e+02 3.010407e+05
5.950000e-01 7.176161e-01 6.094477e-01 6.430234e+02 6.892587e+01 1.615250e+00 6.094477e-01 3.918891e+02 2.983116e+05
6.050000e-01 7.295670e-01 6.033438e-01 6.454925e+02 6.796246e+01 1.624750e+00 6.033438e-01 3.894539e+02 2.956010e+05
6.150000e-01 7.413899e-01 5.972903e-01 6.479467e+02 6.701082e+01 1.634250e+00 5.972903e-01 3.870123e+02 2.929087e+05
6.250000e-01 7.530734e-01 5.912869e-01 6.503860e+02 6.607089e+01 1.643750e+00 5.912869e-01 3.845647e+02 2.902350e+05
6.350000e-01 7.646057e-01 5.853337e-01 6.528104e+02 6.514257e+01 1.653250e+00 5.853337e-01 3.821120e+02 2.875798e+05
6.450000e-01 7.759757e-01 5.794306e-01 6.552201e+02 6.422577e+01 1.662750e+00 5.794306e-01 3.796546e+02 2.849431e+05
6.550000e-01 7.871719e-01 5.735775e-01 6.576151e+02 6.332042e+01 1.672250e+00 5.735775e-01 3.771932e+02 2.823250e+05
6.650000e-01 7.981835e-01 5.677742e-01 6.599955e+02 6.242642e+01 1.681750e+00 5.677742e-01 3.747284e+02 2.797256e+05
6.750000e-01 8.089994e-01 5.620207e-01 6.623613e+02 6.154368e+01 1.691250e+00 5.620207e-01 3.722608e+02 2.771448e+05
6.850000e-01 8.196091e-01 5.563169e-01 6.647127e+02 6.067212e+01 1.700750e+00 5.563169e-01 3.697909e+02 2.745826e+05
6.950000e-01 8.300021e-01 5.506626e-01 6.670496e+02 5.981164e+01 1.710250e+00 5.506626e-01 3.673192e+02 2.720392e+05
7.050000e-01 8.401681e-01 5.450576e-01 6.693721e+02 5.896216e+01 1.719750e+00 5.450576e-01 3.648464e+02 2.695144e+05
7.150000e-01 8.500971e-01 5.395019e-01 6.716804e+02 5.812357e+01 1.729250e+00 5.395019e-01 3.623728e+02 2.670083e+05
7.250000e-01 8.597792e-01 5.339952e-01 6.739745e+02 5.729578e+01 1.738750e+00 5.339952e-01 3.598991e+02 2.645209e+05
7.350000e-01 8.692050e-01 5.285374e-01 6.762544e+02 5.647871e+01 1.748250e+00 5.285374e-01 3.574257e+02 2.620521e+05
7.450000e-01 8.783651e-01 5.231284e-01 6.785202e+02 5.567225e+01 1.757750e+00 5.231284e-01 3.549532e+02 2.596021e+05
7.550000e-01 8.872505e-01 5.177679e-01 6.807720e+02 5.487631e+01 1.767250e+00 5.177679e-01 3.524819e+02 2.571707e+05
7.650000e-01 8.958524e-01 5.124559e-01 6.830098e+02 5.409080e+01 1.776750e+00 5.124559e-01 3.500124e+02 2.547580e+05
7.750000e-01 9.041624e-01 5.071919e-01 6.852338e+02 5.331561e+01 1.786250e+00 5.071919e-01 3.475451e+02 2.523639e+05
7.850000e-01 9.121722e-01 5.019760e-01 6.874440e+02 5.255066e+01 1.795750e+00 5.019760e-01 3.450804e+02 2.499884e+05
7.950000e-01 9.198739e-01 4.968079e-01 6.896404e+02 5.179584e+01 1.805250e+00 4.968079e-01 3.426188e+02 2.476315e+05
8.050000e-01 9.272599e-01 4.916873e-01 6.918232e+02 5.105105e+01 1.814750e+00 4.916873e-01 3.401607e+02 2.452931e+05
8.150000e-01 9.343229e-01 4.866141e-01 6.939924e+02 5.031620e+01 1.824250e+00 4.866141e-01 3.377065e+02 2.429733e+05
8.250000e-01 9.410561e-01 4.815880e-01 6.961480e+02 4.959118e+01 1.833750e+00 4.815880e-01 3.352565e+02 2.406720e+05
8.350000e-01 9.474526e-01 4.766088e-01 6.982902e+02 4.887591e+01 1.843250e+00 4.766088e-01 3.328112e+02 2.383892e+05
8.450000e-01 9.535063e-01 4.716763e-01 7.004189e+02 4.817028e+01 1.852750e+00 4.716763e-01 3.303710e+02 2.361248e+05
8.550000e-01 9.592110e-01 4.667902e-01 7.025344e+02 4.747420e+01 1.862250e+00 4.667902e-01 3.279362e+02 2.338787e+05
8.650000e-01 9.645613e-01 4.619503e-01 7.046366e+02 4.678755e+01 1.871750e+00 4.619503e-01 3.255071e+02 2.316510e+05
8.750000e-01 9.695518e-01 4.571563e-01 7.067256e+02 4.611026e+01 1.881250e+00 4.571563e-01 3.230841e+02 2.294415e+05
8.850000e-01 9.741776e-01 4.524081e-01 7.088015e+02 4.544220e+01 1.890750e+00 4.524081e-01 3.206675e+02 2.272503e+05
8.950000e-01 9.784341e-01 4.477052e-01 7.108643e+02 4.478330e+01 1.900250e+00 4.477052e-01 3.182577e+02 2.250773e+05
9.050000e-01 9.823172e-01 4.430476e-01 7.129142e+02 4.413345e+01 1.909750e+00 4.430476e-01 3.158549e+02 2.229223e+05
9.150000e-01 9.858230e-01 4.384348e-01 7.149512e+02 4.349254e+01 1.919250e+00 4.384348e-01 3.134595e+02 2.207855e+05
9.250000e-01 9.889480e-01 4.338667e-01 7.169753e+02 4.286049e+01 1.928750e+00 4.338667e-01 3.110717e+02 2.186666e+05
9.350000e-01 9.916891e-01 4.293430e-01 7.189867e+02 4.223719e+01 1.938250e+00 4.293430e-01 3.086919e+02 2.165657e+05
9.450000e-01 9.940437e-01 4.248633e-01 7.209854e+02 4.162255e+01 1.947750e+00 4.248633e-01 3.063203e+02 2.144826e+05
9.550000e-01 9.960095e-01 4.204275e-01 7.229714e+02 4.101647e+01 1.957250e+00 4.204275e-01 3.039571e+02 2.124173e+05
9.650000e-01 9.975844e-01 4.160378e-01 7.249423e+02 4.041967e+01 1.966750e+00 4.160378e-01 3.016034e+02 2.103717e+05
9.750000e-01 9.987669e-01 4.116901e-01 7.269004e+02 3.983131e+01 1.976250e+00 4.116901e-01 2.992577e+02 2.083436e+05
9.850000e-01 9.995559e-01 4.073020e-01 7.289065e+02 3.923389e+01 1.985750e+00 4.073020e-01 2.968851e+02 2.062854e+05
9.950000e-01 9.999507e-01 4.029273e-01 7.309376e+02 3.863466e+01 1.995250e+00 4.029273e-01 2.945147e+02 2.042226e+05
1.005000e+00 1.000000e+00 4.007807e-01 7.319381e+02 3.834136e+01 2.000000e+00 4.007807e-01 2.933467e+02 2.032092e+05
1.015000e+00 1.000000e+00 4.007807e-01 7.319381e+02 3.834136e+01 2.000000e+00 4.007807e-01 2.933467e+02 2.032092e+05
1.025000e+00 1.000000e+00 4.007807e-01 7.319381e+02 3.834136e+01 2.000000e+00 4.007807e-01 2.933467e+02 2.032092e+05
1.035000e+00 1.000000e+00 4.007807e-01 7.319381e+02 3.834136e+01 2.000000e+00 4.007807e-01 2.933467e+02 2.032092e+05
1.045000e+00 1.000000e+00 4.007807e-01 7.319381e+02 3.834136e+01 2.000000e+00 4.007807e-01 2.933467e+02 2.032092e+05
1.055000e+00 1.000000e+00 4.007807e-01 7.319381e+02 3.834136e+01 2.000000e+00 4.007807e-01 2.933467e+02 2.032092e+05
1.065000e+00 1.000000e+00 4.007807e-01 7.319381e+02 3.834136e+01 2.000000e+00 4.007807e-01 2.933467e+02 2.032092e+05
1.075000e+00 1.000000e+00 4.007807e-01 7.319381e+02 3.834136e+01 2.000000e+00 4.007807e-01 2.933467e+02 2.032092e+05
1.085000e+00 1.000000e+00 4.007807e-01 7.319381e+02 3.834136e+01 2.000000e+00 4.007807e-01 2.933467e+02 2.032092e+05
1.095000e+00 1.000000e+00 4.007807e-01 7.319381e+02 3.834136e+01 2.000000e+00 4.007807e-01 2.933467e+02 2.032092e+05
1.105000e+00 1.000000e+00 4.007807e-01 7.319381e+02 3.834136e+01 2.000000e+00 4.007807e-01 2.933467e+02 2.032092e+05
1.115000e+00 1.000000e+00 4.007807e-01 7.319381e+02 3.834136e+01 2.000000e+00 4.007807e-01 2.933467e+02 2.032092e+05
1.125000e+00 1.000000e+00 4.007807e-01 7.319381e+02 3.834136e+01 2.000000e+00 4.007807e-01 2.933467e+02 2.032092e+05
1.135000e+00 1.000000e+00 4.007807e-01 7.319381e+02 3.834136e+01 2.000000e+00 4.007807e-01 2.933467e+02 2.032092e+05
1.145000e+00 1.000000e+00 4.007807e-01 7.319381e+02 3.834136e+01 2.000000e+00 4.007807e-01 2.933467e+02 2.032092e+05
1.155000e+00 1.000000e+00 4.007807e-01 7.319381e+02 3.834136e+01 2.000000e+00 4.007807e-01 2.933467e+02 2.032092e+05
1.165000e+00 1.000000e+00 4.007807e-01 7.319381e+02 3.834136e+01 2.000000e+00 4.007807e-01 2.933467e+02 2.032092e+05
1.175000e+00 1.000000e+00 4.007807e-01 7.319381e+02 3.834136e+01 2.000000e+00 4.007807e-01 2.933467e+02 2.032092e+05
1.185000e+00 1.000000e+00 4.007807e-01 7.319381e+02 3.834136e+01 2.000000e+00 4.007807e-01 2.933467e+02 2.032092e+05
1.195000e+00 1.000000e+00 4.007807e-01 7.319381e+02 3.834136e+01 2.000000e+00 4.007807e-01 2.933467e+02 2.032092e+05
1.205000e+00 1.000000e+00 4.007807e-01 7.319381e+02 3.834136e+01 2.000000e+00 4.007807e-01 2.933467e+02 2.032092e+05
1.215000e+00 1.000000e+00 4.007807e-01 7.319381e+02 3.834136e+01 2.000000e+00 4.007807e-01 2.933467e+02 2.032092e+05
1.225000e+00 1.000000e+00 4.007807e-01 7.319381e+02 3.834136e+01 2.000000e+00 4.007807e-01 2.933467e+02 2.032092e+05
1.235000e+00 1.000000e+00 4.007807e-01 7.319381e+02 3.834136e+01 2.000000e+00 4.007807e-01 2.933467e+02 2.032092e+05
1.245000e+00 1.000000e+00 4.007807e-01 7.319381e+02 3.834136e+01 2.000000e+00 4.007807e-01 2.933467e+02 2.032092e+05
1.255000e+00 1.000000e+00 4.007807e-01 7.319381e+02 3.834136e+01 2.000000e+00 4.007807e-01 2.933467e+02 2.032092e+05
1.265000e+00 1.000000e+00 4.007807e-01 7.319381e+02 3.834136e+01 2.000000e+00 4.007807e-01 2.933467e+02 2.032092e+05
1.275000e+00 1.000000e+00 4.007807e-01 7.319381e+02 3.834136e+01 2.000000e+00 4.007807e-01 2.933467e+02 2.032092e+05
1.285000e+00 1.000000e+00 4.007807e-01 7.319381e+02 3.834136e+01 2.000000e+00 4.007807e-01 2.933467e+02 2.032092e+05
1.295000e+00 1.000000e+00 4.007807e-01 7.319381e+02 3.834136e+01 2.000000e+00 4.007807e-01 2.933467e+02 2.032092e+05
1.305000e+00 1.000000e+00 4.007807e-01 7.319381e+02 3.834136e+01 2.000000e+00 4.007807e-01 2.933467e+02 2.032092e+05
1.315000e+00 1.000000e+00 4.007807e-01 7.319381e+02 3.834136e+01 2.000000e+00 4.007807e-01 2.933467e+02 2.032092e+05
1.325000e+00 1.000000e+00 4.007807e-01 7.319381e+02 3.834136e+01 2.000000e+00 4.007807e-01 2.933467e+02 2.032092e+05
1.335000e+00 1.000000e+00 4.007807e-01 7.319381e+02 3.834136e+01 2.000000e+00 4.007807e-01 2.933467e+02 2.032092e+05
1.345000e+00 1.000000e+00 4.007807e-01 7.319381e+02 3.834136e+01 2.000000e+00 4.007807e-01 2.933467e+02 2.032092e+05
1.355000e+00 1.000000e+00 4.007807e-01 7.319381e+02 3.834136e+01 2.000000e+00 4.007807e-01 2.933467e+02 2.032092e+05
1.365000e+00 1.000000e+00 4.007807e-01 7.319381e+02 3.834136e+01 2.000000e+00 4.007807e-01 2.933467e+02 2.032092e+05
1.375000e+00 1.000000e+00 4.007807e-01 7.319381e+02 3.834136e+01 2.000000e+00 4.007807e-01 2.933467e+02 2.032092e+05
1.385000e+00 1.000000e+00 4.007807e-01 7.319381e+02 3.834136e+01 2.000000e+00 4.007807e-01 2.933467e+02 2.032092e+05
1.395000e+00 1.000000e+00 4.007807e-01 7.319381e+02 3.834136e+01 2.000000e+00 4.007807e-01 2.933467e+02 2.032092e+05
1.405000e+00 1.000000e+00 4.007807e-01 7.319381e+02 3.834136e+01 2.000000e+00 4.007807e-01 2.933467e+02 2.032092e+05
1.415000e+00 1.000000e+00 4.007807e-01 7.319381e+02 3.834136e+01 2.000000e+00 4.007807e-01 2.933467e+02 2.032092e+05
1.425000e+00 1.000000e+00 4.007807e-01 7.319381e+02 3.834136e+01 2.000000e+00 4.007807e-01 2.933467e+02 2.032092e+05
1.435000e+00 1.000000e+00 4.007807e-01 7.319381e+02 3.834136e+01 2.000000e+00 4.007807e-01 2.933467e+02 2.032092e+05
1.445000e+00 1.000000e+00 4.007807e-01 7.319381e+02 3.834136e+01 2.000000e+00 4.007807e-01 2.933467e+02 2.032092e+05
1.455000e+00 1.000000e+00 4.007807e-01 7.319381e+02 3.834136e+01 2.000000e+00 4.007807e-01 2.933467e+02 2.032092e+05
1.465000e+00 1.000000e+00 4.007807e-01 7.319381e+02 3.834136e+01 2.000000e+00 4.007807e-01 2.933467e+02 2.032092e+05
1.475000e+00 1.000000e+00 4.007807e-01 7.319381e+02 3.834136e+01 2.000000e+00 4.007807e-01 2.933467e+02 2.032092e+05
1.485000e+00 1.000000e+00 4.007807e-01 7.319381e+02 3.834136e+01 2.000000e+00 4.007807e-01 2.933467e+02 2.032092e+05
1.495000e+00 1.000000e+00 4.007807e-01 7.319381e+02 3.834136e+01 2.000000e+00 4.007807e-01 2.933467e+02 2.032092e+05
